1.9211201781780156,8.328897022989057,5.6405509320952145
0.6706768742471185,1.754542019942532,-6.397940999308497
0.3143076896280288,5.841260951731538,9.618640019634881
-9.605749151415292,14.259809970761681,7.755419817673813
-11.469423123728824,6.780418569248782,10.664493445120971
-12.148981983974005,4.334480983071906,3.71637323891786
-7.1296118117882745,-4.048458935269686,9.391727248212618
-10.438787661357962,5.3402121163891145,4.434920479007133
-4.1804330788045885,7.425051595645405,6.228713998413694
0.17249628552121798,9.239023975864805,4.42382349993067
-13.316108224367685,12.303566212442052,3.4655698889015962
-5.656572427674004,12.002888462761362,17.437318991417065
-0.08261764025048413,5.150950416830967,4.193772958259751
-8.290974736399566,12.58616762224702,-0.8420602128245678
-0.7226749133695807,6.941627101248864,5.040872398932175
-1.2913141781170783,-13.768131056735532,-16.17006980139797
-6.648663017631316,7.494963951043686,5.851547266643664
0.4183196812401455,12.58128407922555,4.874964901846827
-7.8011246372880105,6.449714253341244,5.492849854132418
-8.45095916294986,14.891512788762595,-1.044503827727239
1.875052254888359,-2.7373546126757375,-11.513675105736855
5.863715614570819,-5.105734780300272,-12.369421385022065
-8.795899125196973,13.43479031099422,-0.11354012079853337
-7.58734612148357,-4.895433861907244,0.692478219671961
-12.154849365508596,5.849626493999986,8.7531915529973
-14.507405732070426,6.233343524507603,-11.171742266435324
-7.1465944220280555,-3.10555637911774,1.0879522506121795
-6.291423805253688,-0.8640639589972476,-11.15347431813303
1.5601219175652767,4.31221725535881,5.813138862003533
-4.194170822459796,-3.404637687266896,2.8526045942978815
0.7068951338146812,-12.951923594914579,-11.702130866334407
-3.129859567461048,12.715990217937014,2.377567674504755
-2.467569794696151,-8.414032934588134,0.726882895883664
3.0311445358426985,-1.4243966803279333,-7.433776738679426
-10.669485453227319,9.542924066585881,2.0780080501079627
-10.960571272348417,12.502649107586546,0.6566884728296161
2.215095275369749,-10.317344447849226,-7.534689457124693
-2.2218276079312664,-2.3997263220056677,4.13013127382882
2.5338171261914297,0.8531957310557274,6.044700440819097
-7.5227122556366055,-6.487480196058057,2.1767655500489607
-1.7627648056903622,5.101567602025921,8.011281179961978
7.493415366357501,-5.366200446171341,-9.550851341716431
-6.529996283079194,3.362478384575244,-9.15934490670655
-2.6639888762356168,7.3357107637654675,11.370099873551688
3.300488965681123,16.778585007394952,2.442289458856715
-10.044483088122767,10.067917134593484,13.118306594673069
-5.23504361971197,-3.499511480112755,8.063089844003944
1.0354990836663651,-11.592454148366599,-7.9894141122524776
3.7274376531058717,13.843896167996272,5.05015319199209
-15.333910978141347,1.2124638721340961,7.313335469583714
1.597448849890648,-9.774443467122124,-6.561667625017867
-1.5897808635269626,9.514763341096813,4.188740515947053
5.149246383151826,5.768329503679925,7.0426893732818385
-17.171379212385588,10.774706917400065,-10.769541681421336
5.708995805238638,-10.383785585481698,-2.8656015025475163
-5.828682190786079,14.849800700116502,12.745421625166678
-16.213971845351256,6.721189743483327,3.106296839619015
-14.283728337375033,6.544415543853189,2.2116098099089267
8.085674258375134,-0.8070807646245299,-7.327722644515474
-11.172343350098657,3.9831696550098505,7.049976364736975
3.179360372217472,-4.273150738172489,-6.851056800563697
-13.777481161238338,11.989685157076874,-1.1292621614007308
-1.1316448113114848,5.021559550167409,13.699779456902458
0.18091415093146868,9.25405637961385,10.68478855676043
9.36151109395023,7.460664805112353,1.5072579227853824
-7.880631259411859,4.524810547521293,1.0525532326509075
-14.55963491359455,7.609974687763785,7.393536404587477
1.3760513514652892,14.242141969929907,2.929170273201195
-8.335727284095201,10.262181177898416,7.9820945154497585
-1.9447790253192574,1.0993667244079184,-1.5281053603380124
-11.488016603948456,8.446651842443801,6.229941945062971
-0.11513189034260307,5.9184246791407755,4.147130816101901
-1.354257389510345,-2.513780037683941,-7.503198574226595
1.5730277817038862,1.3949061401190175,2.4996485153469292
6.886037002079618,-3.5978228420085276,-2.7110728974791236
-6.561726857948844,4.491576709262965,3.705353223426057
-3.7016644599730415,6.72373661404144,1.5099141849561
-1.027052096883902,10.41596481778108,0.9849126214448127
3.1755259305917667,-18.978353428210085,6.699623268288464
-0.0371640386426213,-4.258303802935426,-9.426085795703266
0.6443217514708166,0.28748490797457116,-4.239767754544772
-16.47442736899288,0.23540324457484285,5.021596734042401
-7.178614973301691,11.3194170150257,4.166253434557797
4.069634918358048,0.24875089350724444,8.421636682665008
5.777693399725271,-7.8772705577983135,-12.69605689854414
-4.1015901763044464,7.419001022866606,7.3572946010469895
-3.2519546480879975,6.976985440021995,1.6300354417461782
-6.912401715701597,9.398760871121178,2.172716425211468
9.251263134346315,2.116730683943727,-3.151103337973928
4.235844143047405,-7.547526397677349,-1.450777883936917
2.5806947409493097,-11.761503547568129,-11.342388790060465
-20.38424641306034,8.108790942505957,7.4320105335684215
-9.70940486147174,14.967922408766523,11.136862907550539
-2.128036963302776,-6.99976648155429,-15.081442789402526
-9.540315263782851,-9.104355991774629,-11.254211493656541
-4.872480922670521,7.240844164260575,3.282601948390565
1.2512120625301826,8.405107323341207,7.290362231082476
-12.901080897647464,2.8110857397604674,-1.2477629901465805
3.99011980071112,-11.571966742180514,-3.658768795729438
6.571241328166326,8.45962645005077,9.521424468633615
4.637469148008026,-13.148668360117554,0.003907871118700612
-1.466499650245157,0.49065307128913105,-8.640174967543317
7.603754814017635,-9.150848566917581,-6.979786569504998
-7.662785137060366,8.765453579952897,6.514768527926646
6.70938136570648,5.360579112050054,-1.7597198300875485
-14.56601884663061,0.5066597918929112,5.560482353406614
-4.045945118612237,1.841510484741696,6.213484632719878
9.27063770085834,-15.306181884960973,-5.30819212300171
-6.1712812339318415,-0.5171899581575747,2.5768296544757483
-4.500167337105331,9.344031190543745,-3.0875703170898054
4.410880971610641,16.04031265758926,11.601507603687615
1.8187315060828317,3.1374091447592534,-2.065281947705297
8.467226308175992,-11.78421440595276,-13.519699951712312
-10.817471660294322,6.425402914322518,-1.6933710889757436
1.1138547516242734,-12.420449847105278,-7.906545050716451
-8.09377737740415,3.9263183008401383,4.139009977907053
0.7266158608824691,9.644760267318468,-4.847006076215187
1.804737049397152,-11.631368106659945,-11.232972674584728
-6.5047465866101,9.855357803129976,2.9083941602226027
1.8841701179017285,7.816313587229273,10.68678868966127
-12.583485111411488,13.410390764256853,6.12507732989604
-0.6991280633403971,11.920856798376942,1.4913745499025373
-3.566169481769709,4.692711147761257,-7.799162376313889
1.9461828021330598,-1.6876834124782114,-4.35298912719245
-1.5719988743827935,-9.431807453286105,-1.0704405259954655
-1.0983289870159165,3.5164851990746784,2.9837651255736555
-14.360384144193933,11.943375208420722,-0.4890756376752554
-0.9971289620377544,13.775363526472056,6.059955233958223
-1.3738812902220268,-7.904302380217497,-6.845768318580761
-17.705849426384077,3.8715897848053222,2.042765273241457
-2.540193321422113,11.029882763626208,10.253267260218207
-4.577433332595918,13.580805024570026,11.569393496331644
-0.04576520405072415,9.45865115885704,-2.5881710261323114
-5.0293701174339835,-3.2804407367943176,0.35241008645694194
-12.92034768714122,8.281057609462357,2.364153381415481
-4.610574550169552,-3.261574255006895,-3.542805685079386
-3.8143338892867273,9.689209732296764,6.702730819448714
13.643987584575932,-5.420318381151195,-2.382784737534717
-1.7058498912734175,-5.8612667666857785,-5.922504773946122
-6.883231191776258,7.012421762360557,7.18676941790863
2.243111776169697,-15.891671728622356,-10.112757199238136
-3.899182949892852,-9.518511512380966,-3.0229146336968262
-2.8907525433108,13.179126070668339,4.813758608643159
-1.516405808571291,1.842461292404093,7.54498888555803
2.1382149136710984,0.19995148384312067,10.360554849310192
-2.546098372775615,12.85077032173034,-1.1090840512436912
-10.85485941850541,5.155190739414546,12.946387489268872
-0.8045866302579827,8.582218594040254,6.0180546256651395
-5.645738453663583,6.139679900678405,0.7074062159607857
-14.42369846894474,7.821551698105907,-6.276477692526138
-5.382743661119748,6.906795026498903,6.33898365716132
-3.920303567988805,10.491673750314238,-0.8468505066051906
-0.6606074793342205,-3.5827242602165126,-8.812493179535817
-7.5066545225957135,-6.028135380339299,-1.7152898575119178
-1.141310607359609,5.394277145176828,1.9769773251260787
1.0140623929075359,-12.975200247747352,-6.291503506371396
-17.53365591215818,12.888051252403361,-2.0148767724838974
-6.035920762611333,-0.03050249286763318,2.728146728321882
4.471355189570518,-13.36150678747048,-1.1330109519573721
2.6975080072285085,-9.953491516935863,-10.421551906284263
1.7475736999497995,5.912467515520562,0.9578179749398696
-3.1909598099162793,10.731976365017728,-0.048305604863553064
-13.898802185623897,9.206392991194324,6.071589443049308
-11.656828631925515,6.908354898034837,1.018554417099855
2.13679214164427,-8.214200751222876,2.0845033633784187
-6.912153953288283,3.361524604790487,5.312023249368211
0.11460516747622762,-11.841193521331741,-4.341321241718445
-0.7911046753766635,7.131522873086992,1.1138251545791955
2.953044853263745,-5.2947301022842375,-2.4367958255211457
-9.168200861090062,9.576800692171977,-0.13127326743728052
-14.22768681352196,3.879934583384128,-4.2491940798145835
3.6045430381741594,-6.728068903679559,-7.351968343452852
-20.79469991175675,6.949143224466255,4.293216070813366
8.141604290820911,-3.6350061386162924,-13.840091279215997
-2.750175050731815,15.369977258102896,8.4941943435483
0.950894785514609,-7.555898818119732,-1.8622767923595198
-8.502617929459195,-5.60875772992026,-8.176361806177074
-3.6594798010346636,12.552863834446423,8.252579237678487
5.5805010528661025,-3.7026425300767842,-0.4313269513990763
-10.570334158925366,13.741194578636158,10.971913113092477
-3.82580713612257,6.99783861833272,16.650010245405383
-9.065584897972112,-7.980600326191058,-17.219383225455907
2.8931017219739985,-0.21024007328214722,-0.4460820164988517
-8.571790653642209,15.940849615834217,4.517728062193889
-0.6963758226432675,-13.915347322225852,-6.515125813409159
-3.0516870658703157,6.582122297936518,5.677870142656701
-1.1704842945364438,22.933173245643577,-3.4151492135480055
-2.4141959677420015,6.3422038598307955,-2.835390517843578
8.09630512007239,-9.79641705228801,-6.6871498921407815
-14.829744685371802,11.641506211731656,4.920516381477411
3.1180818092461227,-5.681744489335227,-2.3604958395916675
0.7787659446077453,-6.443695170119119,-3.339663983992564
-3.3130241076214633,3.2365184309619544,-1.0255389093157383
-4.909856961532004,9.653299615032235,6.4753901701684375
-4.917689802312508,8.876479209862216,11.345425518979571
-0.8514638068734364,6.992806491130368,-1.243158071887506
-4.334104484334813,-11.204823322896235,-6.574531546439007
-9.13977271359407,9.597498763710606,5.8929575429610015
-1.779888360911203,2.1649308446168387,0.7809750887618083
-9.114318928072892,9.747916323159362,-6.222866941882357
3.8935061853345685,5.938617739341669,15.19646704430936
-9.19896252763028,-5.703628046877765,-12.657949833804533
-7.859101521582582,10.79862639093982,-5.288823463585036
-14.00267389957128,3.0312732136252736,7.650239090065895
-9.541223958960494,8.841637847724279,-0.17519929410253088
-0.29777810761684664,-10.98134631380475,-10.966036926320925
-0.7593672886030407,-9.45821254081628,-5.390198411388688
-15.86114904198422,0.24103474010136594,8.197909344606817
6.3962036332541965,-11.475527884754854,-12.43210717975605
-4.178428981838135,16.39024267541258,-1.2648605529015136
5.458683963482094,-0.9673580581247503,-3.9575935126794013
1.7210554253332935,-7.663279182263899,-1.5681020439003461
-13.87860514219575,3.5330962820627057,-1.4146213255893247
-9.186218801242141,11.773460726584203,9.977396763739762
6.4021853719493285,-5.729579572337087,3.645902412764107
-1.2731582064388904,-2.140498176965189,-3.4699373430563147
-3.0821491245925943,12.180623639716202,-1.4964200683761852
-9.602949916009763,14.226744214895426,9.157541289357313
-11.936106131744433,8.092682495889989,5.854637075422156
0.7913959984957528,-12.819191234361595,-8.645189876903757
-14.023415603574842,11.042601408000994,2.582824968986761
-0.8906724388018974,-2.8771359823214073,-5.9837365711425266
8.520534165694297,-9.720338840322942,-16.033951835250278
-4.4333186834435425,-15.56827596640773,-16.619527159881763
-16.925142507178847,3.7403235652374796,2.8075731419113814
-3.658595480284684,12.15498619560167,10.990506569106678
5.970665951461472,-10.082094364997191,-6.038133630899714
-4.729596216078409,-2.3146260897797717,-5.3594787399269
-13.924947295623035,-0.7533093408849272,-8.15535397922519
1.962750696839813,-4.8069181192523285,-10.741629719908323
-10.342344317720654,15.398407010054445,7.007769012336845
2.6654070123502445,-2.026246630171064,6.443770959595243
-9.066828912119908,3.4985631717180663,12.16544485621354
-13.062820023688378,9.331325957437297,4.363878159559867
-9.669435180186763,14.992797620659577,2.711522759268093
8.111774069636624,-12.196637224006025,-11.247157763714988
-0.562453056772134,2.688690558585111,10.099840158016457
5.3730350615245115,-4.002283853679119,-8.143538033280766
1.2573237223354958,2.263044068484196,12.11554756381516
-6.890790962923657,9.20258729403801,3.293948177821157
-0.02988310267504879,5.909290184609737,8.469284552014297
0.7112694666184836,-5.176627095651978,0.29579815267431186
0.58121382988584,-3.712820616933008,-14.58407480543028
-11.616174496375653,0.8168052813208071,4.444533261258865
-7.7754912262777305,7.2608784888043845,3.493798578460141
-0.2687314113286794,3.1704192553487367,1.9692025101088841
-2.7455208861977964,1.2245245398149827,2.6379720353115115
0.40141635051244595,13.453028426165108,9.111540486771908
-12.136339099232176,3.799180646421251,-6.62718892377006
-5.058061146242778,6.9957848815936785,11.930759266864321
-4.087279775750594,-2.708463862450465,-5.516620625626272
6.009635307996152,-13.108457486649765,-1.3415073418674446
-1.7541977763698444,-11.598880718269857,-12.353042291040591
-5.090172406914403,-0.8130451452230609,-7.633139190460163
-11.744057983886092,7.456928201051383,4.882764126888783
1.5655017635599364,-1.398130680892585,4.933522622682979
-4.134847037522599,9.804347443488385,2.2436401016097447
1.0126144203335319,0.07287171505246359,-12.437174653948121
-6.238332377646958,2.434336913642275,-1.3896547365652996
1.0786034176225474,10.069676898006943,15.19341045311397
-9.272308956338964,-10.294588842906883,-6.584398981913835
-9.867170746784348,7.099807011685713,-4.0474082959227395
-11.511993994433968,3.7610519514575156,9.244402175632633
0.7660976318397013,-2.1198253736022608,-1.3743307820395145
-1.527409682084309,-1.4313028660689637,0.7897810109718879
-7.304238105186644,15.924309149058036,9.165488636010897
-8.58019587307997,6.294884961358837,-1.2277831084880906
-2.6409812646934334,-8.39878143108235,0.9604143803151022
-0.6685868390177703,16.097400639731624,10.866159151161279
-9.640182759548251,7.330421170538629,-4.361564525791257
3.229697887972634,-6.887379720330784,-8.804319003011575
-3.893691822034641,8.887340896275886,3.7747044427435124
-14.932255518481824,13.61342367893664,6.209188653578773
4.019461621926945,-12.370354581305502,-8.689166289438784
3.6872454959538503,-11.041096606742133,-17.92586768871945
0.0028855378823866573,13.301515786785352,9.68248296012101
1.163307701347478,4.241799818391219,0.8839817129084593
4.373467584374149,-13.706937302112172,-5.9308704122136255
-18.091485965110273,11.225236973580934,-6.101689715650771
3.9497169962331506,-9.74681629886246,-5.1126950635326125
9.629788406838077,-2.2733887665995436,-9.591971200469926
3.6066571299045362,5.597127177547707,2.0905909487282273
-4.668908631094611,18.314121160632972,10.641936578295093
-6.12589303530892,21.183526520210403,-4.211337105481359
-15.295955765477018,8.777786916382238,-2.5209512438430144
-10.642784853759046,-10.033626544193211,4.067440503577362
-4.418748734896559,6.947029934109823,0.49695998113442474
-7.012700696720958,12.178229572383009,10.033566362898725
0.17080266291775237,-4.322549686501501,-5.292749919620496
-0.3867664027704967,13.71696405300837,0.3016733863312284
-3.696157429086095,18.374314530559843,4.542668131730361
10.818753185257163,-8.688442535335339,-5.479502648428701
-10.785335471787002,15.278047440021291,-3.492817042488314
7.7277969825984405,9.5885934692678,12.396193109892955
-5.135373416120776,2.562628881801956,4.135575562372194
3.316476817359595,-6.361906497954305,-17.691205697864913
5.8735605825236465,-6.503691753120339,-0.7448592934251872
1.9379556893170544,-0.31758408243810976,-1.3005993264491398
-4.732385414280952,6.877246415950944,1.8766499694930734
3.8930274466750436,-8.299336245563945,-4.874148511641497
-5.528719485475394,10.536531727552584,5.925916291128635
5.090913968448918,-5.236366389285225,-2.3789662986997673
-14.69963002109351,13.0579189117582,3.6790084687608786
3.996064542758748,5.632221025778128,-6.511770701901343
1.3018291671531794,-7.6757465816348205,-11.726107644844777
-19.29886390476213,14.387693199348163,8.73080404957414
3.2984499081422918,-7.104761305295604,-1.1364421786287524
-13.809228218644947,9.289869032849813,9.087274012998325
-4.836448535073018,13.446873191043593,-2.3859207755941982
-5.503819605849429,11.791170212232862,1.5255263541116828
5.588863154133805,13.67934683014007,0.8312042575890044
-3.860665411220606,11.403887132467943,1.6512453421172215
-3.0313338194789807,3.2672373198127413,3.86530438046519
-3.337812888785826,4.886361913111017,16.188492613259037
8.528964115531258,-13.142572252978749,-9.39242202782903
2.162921865392962,-6.20190423035812,-5.017936358364882
-12.331351934616283,2.9709373862602586,10.547370970899326
-7.768808415628602,6.376454560590955,-5.678937925291208
-1.7813580649598388,-1.0468842362662407,-9.745098618230676
3.0929460743894053,-10.90648632640299,-3.8978978954725916
-7.205118480369453,-1.0233982445435519,1.0481228711527173
-2.366094825213619,13.857401909720426,-0.22146390239225688
1.7727271206579651,-1.0385385820669475,-11.19463628702844
-5.725162912425867,-14.311012340902739,-4.235319911313345
-5.7953642136402195,4.327507717081716,-3.7090170241138996
-7.224481665389062,16.03407982149479,4.5471248136699005
-1.6099705294124547,7.340024766317755,14.515015604382008
6.366387232570947,-3.068635187190213,-7.029561962787445
-1.9111692786174028,13.097778716766172,7.733188634777763
1.9157547128805774,6.6916373849734825,1.528693011696706
-4.548774386909229,10.322401408060653,4.700611381594228
-13.095180008200066,13.492609075945172,1.6989625849122136
5.137978441489865,-9.127507382277676,-1.7926034478550399
0.38832438469651986,6.277886946510715,-1.5003912593900193
3.208556572972248,-6.442971901574224,-3.3680767475206204
-13.881647762470152,5.936942632668801,5.598112238667598
-2.472665759349589,15.668692768058749,9.58089188874866
-17.575593180111337,6.683314384125647,6.764531984171853
3.592170321970458,-8.337077086118722,-15.132565643464755
-10.71898966150669,16.069643928134475,-3.068947986776964
1.583226050139948,9.683524399428322,6.873077493813531
-20.448109843345065,10.03273336218029,10.228097930322043
3.9221454439702557,14.32533538276688,2.371157293545892
1.3105862862312496,-6.485146708158727,-6.764415977785108
-7.357403732980942,9.199607701284515,8.792395946721792
-4.561114166484252,14.912867851701826,0.14883913894971013
-12.82334177454692,15.680937371409165,1.4845045755696336
-9.141892703601545,7.204831272033303,4.29192972166305
0.6245770261540513,-0.9098458912098799,-8.564598721193402
-7.163142130323672,7.363344328735355,7.040847853917564
-2.252393325654573,13.376521916500586,9.970871556716792
-1.4248924381380588,11.224869454765686,5.891098499096344
10.09015249543596,-14.564366991282872,-5.541353471453636
-2.74815200992044,3.7079729634653695,1.368012105663023
5.551460907730187,-4.7727281356608575,-9.84931040450914
4.416629447486823,-15.976166834474888,-10.346043729458042
1.813577210723922,-7.1848443185012485,-10.559401839890121
-9.912879532386402,8.707490162125145,10.34388572548735
1.714948908115307,-5.851195316347849,-8.772379852508244
-13.850687414665483,1.8145569258992351,8.271203741882209
-5.453495819938323,-4.043958380077818,-2.659142927169686
-4.4867798809542165,7.568601845848612,6.904560468895649
-17.557568339800497,7.918614945768577,-5.604295216303103
8.192434346872304,-7.394743198137349,-0.7544478524365745
-2.457042587717636,-11.095930212619983,-7.556324071436103
8.413082052950424,-8.993686996578987,-5.57679542752391
-10.69128037199827,17.842553376135754,0.6572014312340786
3.8808624968873873,-3.696645562042124,-6.588354571848559
-10.291203272122821,14.378777420794822,-0.0047498032047168515
9.247222908899445,-14.1289100185558,-12.411650499417657
-3.339502164808077,10.088980278672096,-5.4716958297505744
11.776626044745965,-1.2428359752774796,-9.11968199171087
-13.8455131391614,8.289560029069673,8.620522707250673
-11.069541127734766,11.093938766951064,-3.5690705379622205
-6.142059783387996,-4.06289987862615,-12.384006007459371
-0.03442003524512316,11.105548902128323,6.641938982420285
-12.085286225354736,11.183996860375151,7.580193520524016
7.913898357475651,-4.195909076088963,-3.053158522423778
-12.532342100287119,11.773104578324546,-7.144405587667988
-10.026803380084214,8.284696736474858,6.926567480551552
1.2920578501240514,14.545931652340535,8.498069582734782
-3.2886797772343304,6.8615307224819615,-4.06330177690035
2.385733180556679,-7.6864490561989225,-10.42797105804207
-7.827620357528428,3.4231658919289902,-12.845409367827127
-8.044719896052857,15.957197473399763,-8.656877949018762
0.16826142682327294,14.316520198750661,12.346733820819015
-0.9944347361217662,0.6830416033299631,4.633518641104224
-6.05871534410517,-2.9834570195832306,-1.629556612731375
-4.59991279309911,2.5720492294116974,5.143965947498362
-5.413588293170325,6.388437092307583,1.7829780074573938
-6.879068220478233,8.997806526561552,16.511525853690046
5.7914871441884594,13.503728822000031,3.607042994071456
-4.931516644823459,3.0902916711668924,1.8990138312067066
-11.279312742797245,12.460630592192572,-1.2963016500343851
9.026009708966527,-0.8072315216145363,-5.4973912588126135
2.7755507189349604,-11.565767435320383,0.10696392202591376
-9.579442144594863,2.9311087327583527,-5.040378582240839
-0.7195689795939071,10.980601885116709,8.04710423801453
-0.5579312781370394,8.58974196571916,5.826500760026818
-6.601568708264706,1.5004610400453036,3.3362030117690065
-1.6957701849860873,-6.699310233803133,-5.142457712485575
-5.91546461688817,7.342538296114641,-6.109296534943745
1.1016011587669923,-8.837451222800293,-6.956075237125893
-9.568627181871845,7.971025170539199,0.5141308171878727
-12.484005480840995,2.5133219202311228,12.355217095523521
-5.949996073554113,21.37568343956162,2.1605479461916777
-6.928086567374093,11.884120924206698,-4.127989753315333
3.249536621008547,-1.650143613671923,-14.120391453479394
-5.124030358749852,7.892869917047122,-1.1776588490230697
-1.989783866787107,1.5453955071543932,2.348641211576943
-2.6158373765307212,7.9836275285864895,3.8295104196008025
-18.428825759154975,6.573001807571179,8.78244261576775
4.757273887815723,-7.931477983956499,-9.853990866054257
-3.0834177204678674,9.789469246175916,17.48951303467977
-1.977161941735659,-0.9062564695111623,-12.48701278364987
2.73090109692201,5.871437390819789,2.417385115132188
-8.556646322575405,4.762794253758037,8.020490630793745
-14.57493759487771,5.761413958023458,2.8251869829423817
-1.4312667262546768,-11.833089134339787,-3.733041668842009
1.078760275912499,6.668547527223648,7.274565899387053
-12.31011761030291,8.973420220282987,-3.016769258822981
-10.358999311339465,9.384100948566163,2.052210581686981
13.416580027929093,-12.09949139114256,-7.9249120299361
-8.168278333716229,0.8173047898780403,6.952621599465804
-1.9974592103044162,6.851239725458255,1.3439673240457117
-4.603342318188718,8.19761175954259,2.8455760116570206
-6.765087831112097,11.079177154527956,5.142657310461554
4.233336406869576,-13.079928653504192,-11.351772708718045
-2.218767771648694,-4.276305088480225,-2.6447145433507746
2.9764287037191672,-5.066773116018844,-0.037999820912570925
-8.464446417026167,13.286005710656058,1.421732018807327
0.3158881953175374,-5.827274483498847,-7.702924948318917
-3.681962273518983,-15.693789610364746,-12.0133132669546
-4.80887661389688,13.442788908367344,2.706409383220642
-9.93159981411553,-0.4421373513454441,0.5148134172598069
8.267000069112616,12.375572550267183,1.5256063207216841
-1.6314311532785868,7.467843395975433,8.005506350097978
-6.709748015969442,9.837775265384025,2.8272037107312897
-10.665007521698364,4.326690446297108,-3.527717624565458
-2.5057020352668764,9.805566032965158,1.2520477725595658
1.6598849029285092,-9.697872328282983,-8.934765374771867
-13.398598267405543,2.183040876389052,1.5367092294884626
-11.894644630626509,-2.874943993003959,-9.039088536476978
-4.788881148330427,6.239840343477502,6.318869190479038
-7.043226993856316,2.3844787425586045,4.6961929638892235
-5.510466873582309,13.751485233431517,6.095048842539012
0.733984050552055,13.950830624481448,10.249144783362343
-6.974798991198866,7.340199891224653,12.441779541892497
-0.0040309054660254695,3.8018617570626283,11.029512982418927
9.837242888526639,-5.6273651525123825,-7.975889691841255
-5.695201592429928,0.9765468824206796,-1.4560566543768347
15.28908143453985,-8.357333391884016,-6.118532025392826
-9.607457892627844,2.9588745318008733,1.923554767191039
-2.2374447333598946,20.393092616034338,6.671012261477743
-7.25970142195855,6.836838822185289,-0.49664768565550776
-2.2166531115185295,20.754270770449935,6.664756380080727
-7.53977708847023,3.759726339057387,-5.0285126693097
-4.492556934290057,-9.884497006168075,-6.031640631515849
-5.423200630117738,13.275518573349661,-6.96380803366255
-10.261742934998928,5.132973794280729,2.721185083695353
-6.0635572751089555,5.668680722635107,5.010909905228878
-6.936759492196994,7.230560999357351,7.420487828897928
-2.240543266133975,-3.6806905321735837,-10.506454483081303
-2.1609343004583548,13.931807659990646,7.008015774865925
-1.377756275558376,13.251293291081517,5.514043896185458
6.755371425678842,-10.003574925821532,-2.7408591134638565
-13.363526763704801,6.580713647984575,11.31210704054878
3.5112734611959913,-9.12423132920025,-6.542616913900902
-3.2016046387199317,-7.829599127063167,-4.6381581251966395
4.856960014906092,2.429401727196888,-12.263560439401598
-14.259284711747634,9.671382007240867,5.5928177334646385
-19.562341269387197,9.987689419482706,7.267149947820027
-2.622213070276848,11.638730021518073,13.548004288354937
6.485515796449649,-5.807373021293064,-3.2085862154684626
-0.9706479970932467,-6.833168428496707,-6.183396625169625
-6.146707644651378,8.244762485219216,-0.3729550519445932
-6.798943844759403,9.586180097296126,-4.979797566789663
-13.820286202471348,5.924157484668595,-3.5634063995183762
-17.4388405113751,4.331393238780901,3.1651828724536624
4.0466623275951665,0.5799710405750922,-1.051079497234019
-14.032626705570413,8.002115868238697,2.846850951996962
1.3306322796617032,-1.9327799997406139,-9.41564906393899
0.6073514102202688,6.546972046378242,2.4149622293588036
-9.574319349761637,15.247759810846258,-6.209509598976192
-7.707406884452375,-6.250392343054484,-1.7366965397939866
-4.714582723774521,11.40355715937082,6.348293274870554
-1.4906886323585025,10.463497449040661,3.3657724943662783
4.293031098558027,-9.072563222437749,-1.0485958570919989
-1.8849719281436599,-5.396485592770393,-1.8543967268858568
-18.26716235040722,5.35451357328117,-3.90700250078684
7.476157717747283,-5.6149431198258695,-7.197339912996676
2.825655859142886,-8.005359827901376,-5.892214983018907
4.728356195153419,2.3535053130010937,-5.768696005984527
1.8685878359193762,3.5705084275926273,6.175849487344623
-4.989042854685104,8.173711650071853,2.7728824943452546
-11.799660410761586,9.355910301690795,-5.875777302165209
1.874575626708877,11.772971180523694,1.089239046590682
5.028887957188445,4.574792429242542,-6.344897682882378
11.382367584709453,14.982484749609908,5.733070416497414
4.286301360846244,3.7096525569781793,-12.743125877582527
2.1066154186570136,17.54731089659063,9.007825914404997
-13.469847904262643,13.271296590092465,-0.2998003927546051
-10.918299248718895,0.221291128227584,0.27672569937304736
-15.113866502919189,5.567541906479876,15.445671425184543
0.13704860416576725,-10.413410977242158,-5.367861021475326
2.125563935269056,-14.339307923508144,-4.407892522857854
-5.449631754625514,8.347281838740601,9.994861172254376
1.4590920868490178,7.512483687755179,0.6159442529264769
2.0991163902350216,0.8717004927845231,-1.2222691714983185
-1.5955995974125226,-1.328115381237449,-12.797140534608602
0.04228432485886602,8.223778677847328,8.672845075796534
-7.493207415948344,8.541708150636309,8.956090565519943
7.395567599306085,-9.76727765868904,-4.479378912164099
-2.8882163481936773,13.879103796977258,8.617856155707809
4.936028246369645,13.403411970598889,2.4716272023688655
9.43598216390956,18.231354919800985,11.457056290986623
-3.4410595948682086,6.99095701166309,2.825092441384564
-4.643541593251364,11.521527785822347,10.43081210088824
1.6686293686967693,4.560069415942933,-6.983719471033906
-8.136292661787195,8.269102794550673,4.606611563071914
5.2250786275470755,-11.711189119976932,-6.129429011419024
-0.165608751293028,-8.207361381243388,-4.46298215270293
-8.593472084848944,14.261023089802649,11.265407143799106
5.8608258880154525,-0.0002963252314884812,-1.8173795880067631
-7.172155905858156,2.5395737557990223,4.1142863124960325
-12.549475357594183,-3.484278751097264,3.30016850342602
2.3899050389069463,-2.473203283987427,-11.747343300273329
-1.1763565896513297,-7.654250200332652,-3.3764281676114596
2.1454727968176455,6.398345660262772,9.385593775133092
-10.1292738316879,5.022090891113054,11.346438434728775
-7.045737424950159,-8.65456361171771,-7.347279947860944
-8.377048658113377,12.993818652435692,9.882533528766103
-5.320119677670135,8.119317642159231,0.9898953089799403
-8.207969763836282,2.3070603391998343,14.074019396849286
-10.765244394262089,9.425785301736495,-2.2996551197067285
8.041826872569942,-7.57984145086246,-2.437115191621573
-2.428930529833096,7.818392798047478,8.755403714953136
-4.074316164134952,1.0186687655109088,-2.2030717414811845
4.291359208188107,-1.171093546662373,12.490040238941463
-3.7923485365155223,7.175157507534515,11.008546936925882
-5.686996324425947,3.906525154820332,3.8311019042404966
-4.519368633787701,2.86189596455647,4.032741525878876
-14.115262842098447,12.615945633150327,3.03881495270955
3.262574068991869,6.627377475321717,1.3187416197059876
-2.859415445734233,-4.793674869238449,-10.323443368090663
0.18060239540722822,22.68639692350703,5.108705986987835
-8.683103267824228,8.434853577739911,-0.3743840723400824
1.6787606344271087,-10.022051510631503,-3.867723546078536
-2.171914914351081,-13.211329719279792,-7.170029330437117
-5.275185337403865,11.121255263388917,-2.724821398764645
5.8582501627271775,-4.871499663693903,-10.308160998684986
-2.5358799772360667,5.7204419992915385,-3.8079072941632486
-11.373705834253538,-1.018734844056537,-4.619274522461078
0.9984436417959399,-8.723778339113972,-4.8712531804830785
-1.8220325521025096,-6.712333336189757,-9.989201095807903
-12.383243630846575,-7.684151731397234,-2.379224658713615
-2.93988985046957,8.119226292610895,0.9804934080770158
2.0006324351576987,-9.258153509807254,-7.390751793450943
-14.883499741581938,6.131832053930848,2.6365174275651655
-16.192871542574004,6.389663344522246,-1.0657456741397575
-4.404665958863298,4.069359287348887,2.0315300110192043
-1.4900839854154146,11.80983214127096,9.002586793380498
-9.761251072862589,3.8325452500406576,0.6437892702598438
5.645414851379005,-12.07363633116405,-4.365607568705267
-15.841697712228825,7.395183214719486,4.110668727283109
-5.393873094177861,6.614514790518266,-3.8971256453983223
-8.753874175423592,0.116112607449816,0.9750374066187975
-2.4634758943520634,7.1865896440356085,7.885312499373633
-12.334518843061648,4.861732545531138,4.735822224747796
-2.6954415797603817,-1.6450265529012107,-4.030358066569034
0.5600090843243724,15.803690068698263,2.4733618017153005
-10.186535883120316,12.858346747011911,5.228233546919526
-8.836100285698285,0.8376798060743216,7.098440693189537
-3.6562106367045115,13.766799904611446,2.924999694714956
-14.666685708079335,7.413731158669199,-5.109594376542864
-6.784516808756589,6.389505959193691,3.7026560744925208
15.363719052132694,-9.30788307160463,-16.677060723729667
-0.08037361157135203,-10.193196050465922,-17.028478931973858
-7.691757114462775,15.886861479691548,1.7089776172013589
1.4728295254288826,7.60736059544289,-3.6835871447469373
-16.441034343485505,6.153947762276437,-5.059867906116795
0.46864958713393623,-8.256243308678421,-3.1232296578962178
-0.20709775430866628,-5.466909560617305,-10.419372976991863
-5.57467103759464,18.575874327398175,9.96601424896269
-10.501514348390806,9.78123351988525,-0.6678859808229358
-5.455337673556774,4.643727188452244,4.722421392948786
-12.072730208373844,10.82666842222483,7.4966163878620415
5.59123777982963,4.622423236083581,-1.502944277750757
2.5071056513115995,-7.553470086726865,-6.729155657225172
-9.956162921299281,9.137496620341242,5.08965957686205
-13.704539323498679,9.119438161459103,4.862008950239835
-9.262776849147777,1.106903273468209,-2.7851416134135123
-15.465877315048044,4.569916937021147,-3.108797958860962
-0.6846150022745516,-11.351376754528284,-10.299907102271431
-1.1664727498290146,-6.801193622173259,-10.523768000147964
3.87180061864135,-8.514031089549528,-9.634850165603083
1.3961687150295132,21.707741636885753,7.25964217176707
-7.1111516483896295,7.021094178122315,4.335558398854371
3.7815526110590074,-4.360946960089141,-3.968129793355633
-2.4895111008957365,11.403056625365958,3.3447356125336487
-8.346776795445498,7.059382892624858,-5.08773238967349
-4.585089417724755,6.5398125365873225,-4.839572766632853
2.2415297319414087,8.024520495356668,11.22626996988403
-12.736609158939558,5.884057883292231,2.5510476320859397
-6.171323500448201,2.5100877549589367,-2.8826357567804175
0.4098042577287031,11.73178164214503,10.057927105755457
-10.326382567219484,6.872899210543647,7.139228143001182
-2.5348340462371297,-14.688661498128628,3.1285759193747307
-2.1117853639650574,16.633223179167363,-7.643856448089295
0.3968454627330007,-9.01341277556304,-9.589284531619155
3.870579969768269,2.177896871816314,-7.293348518466892
-11.23116396671658,12.112161183808752,7.207536678563823
-7.178001510813978,11.729439630708736,0.12109245521315937
1.634632264971624,9.090002519497643,6.850248920561759
-6.551223086720887,-18.264583228816527,-6.175967460637198
-7.892865287440751,1.7967563277347445,5.933213274642976
-1.5833234398619567,-9.812447588964863,-7.867785721760787
-12.468186342022891,-5.413280620483755,-5.463612501075161
-8.97874708460091,8.999716350848445,-2.7151604400046967
-2.3465864231632976,-4.7380623787837886,-2.384431024838487
2.376702381012616,9.224186450548435,3.953519750739021
-6.385878152837471,12.879990407644566,0.6307396194796322
-4.293571281668697,-5.136405469480167,-13.934232083715322
4.808447270881247,-13.545413744419545,5.19384540001721
-12.413568671469136,9.533452947473856,-0.1296271471209054
2.1239775466163566,-8.162566842062137,-18.89387926777438
-2.707378333250846,6.340972418948002,-4.302603688674381
-3.2735951055999966,12.71177946314442,-4.536113517469744
-5.290121304106975,13.65167059342686,0.17832055147499837
-0.11483680339357161,8.893401242707673,1.7848552380302354
6.129916019257004,-7.78701883904725,-3.020001783258832
-17.144543570168118,3.1809457348112042,-1.2916221591076549
2.0436229888026523,14.290941110930394,7.90805014290472
2.5634658403837385,6.811763333830696,12.550069751047001
1.4900251508246276,-11.545694229379258,-3.11348079138974
3.3280423781716957,-5.358662593384162,2.1592712007200046
-12.052114271378802,15.831128267602377,-3.518987074215758
-5.661097615064222,1.7364320479317223,-6.514622177855758
4.940315549908778,-11.148309864575829,-5.084062590986742
-3.8602142164404416,13.752370816505367,3.3892658308555452
-16.85463009071576,8.561082498379726,2.7743274257449952
-12.78555455784095,9.490971502741315,-2.0080375588848476
-1.6140136403079246,12.052120449855114,-2.9560210787027836
-3.379802007237278,-11.328357700084114,-10.401548134231891
1.1514204136126098,14.414631129809145,-3.8650889234656667
3.727095562714778,-8.397934810521251,-16.656491724826452
0.6661700591651183,-6.277127397204765,-12.023481258921366
-8.531424623318857,7.809137044687597,-11.23577841346353
-4.208015867576179,10.601530053246243,-5.660317839854741
-3.8820395869385402,-0.8405806488462595,-8.463359739582087
-4.821502512530197,7.490162543827713,-2.7585841808840605
-5.484623026884993,5.862224105989855,-0.32344491526487573
15.627505850058569,-4.992873677335122,-7.782558537934116
-3.246039532396626,10.070101138289846,5.481349344032819
-12.54835843492421,5.23370539630548,8.395259611331749
-16.86565320523124,5.12849316114256,10.409614886427207
-1.9405503219878473,6.041705864577075,7.581521428531312
-12.313546057384707,7.117675530935953,4.707754400169893
9.248275797756552,-6.864206557026136,-7.77616196640289
-10.999516952459144,6.506918879079211,4.727584052327364
-15.268101625210141,7.761414010266648,4.001978612998041
2.878752234996036,-11.058437866255815,4.1911480240354315
-1.692742663880856,4.2487707247570246,3.647370916146885
-9.992879025043788,-1.187543414901354,-0.2917781968333797
-1.4410455009101997,10.347188861673004,2.632980049566969
-9.63630056576099,12.04838124244236,0.890995878995418
8.959301796734547,-6.594561509296014,-10.116312783216179
6.342959959780843,7.468823582213712,8.658944093109394
-4.621464645850717,10.120768295473889,3.205208989245162
-2.9481921925217858,-2.025123531479723,-9.967342655571438
-0.9477937170784401,1.4734346625041415,6.265110407242915
-4.9434291964160035,-4.725917920035336,1.6354382782003112
5.791125187040011,-0.5943274077058049,-14.472354313099647
2.6084099892755512,3.546141397881346,6.500535791693906
3.569286394918465,-5.008226913264741,-7.314333478926905
-7.495657824311967,14.888569245518648,9.005284692770495
-8.763231623664563,10.013831516407748,1.8138962229147075
4.043521500408315,7.902222235920493,-1.0949143074390948
5.480035008136846,-1.724312621211003,-6.337396213133754
-16.606245473710047,5.972722953585385,4.991933906977398
-6.1443369627896995,8.07907510192274,5.848682426687976
1.4462100567541005,2.0245188736819433,-15.044870995985864
-3.052340943497028,8.736861336709953,5.936825381226571
4.107121412703433,8.37222539549978,2.3115549799553694
-6.0049305135123365,8.970200896969283,-5.810209906923296
7.8973756607729575,7.491517935762034,5.116482870966697
-1.9920537695266303,1.6306860502506053,0.12527773993496583
-5.138224559617534,8.359094093203343,-5.536322366899418
1.265791363170929,7.97845667767545,1.5224918613033012
-9.715176425532743,8.399729595441046,4.263360562452485
-8.083976690248338,6.734152592590725,3.8023133809893066
-12.411062798990361,6.014997577107568,6.167949371544744
-0.9974561713945369,16.595452742867803,6.2021712417178385
-4.220740816174747,0.3599206093704854,11.861572796137157
-11.3005581282886,7.4025606360579,1.5885214821194538
-8.024605682404031,7.530418178427943,4.7658415747893335
-0.06897722615900337,16.914956603574332,4.040624239400107
-7.209790967570012,5.4755952709130185,-4.468334190408976
6.637565105583839,-2.513834448055526,-16.201767234821418
-2.601625654972751,-6.47324297731613,1.0372155336445221
1.9528564760233067,9.492388357645284,0.2157991266381769
-13.90490693462464,10.82945454585057,-5.607348358998803
-4.44954357203982,5.672276286681981,11.618538515870922
0.947544911562181,7.1893636969534045,-0.5468928493496836
-6.936420515554454,6.369316322281949,2.3597686411005507
1.5437034353517738,-2.8161800629312923,-3.990557024318397
-5.635659798480841,1.3170061666595334,5.481705959139612
-4.742614976506085,6.63592938835531,0.562383469785658
-1.2734868756612387,-6.46401486286787,-9.215626627229828
-1.6593331085162086,14.780512060340602,9.772778068988492
8.105195403292651,-1.0941452638314768,-0.9992340670763484
-10.096981166598535,12.99164027479395,-3.2891855409676944
13.639391705367236,-5.9182138191560645,2.9052086094322593
4.094340982500226,-6.162931353120116,0.5152852737528555
-1.63600127621361,-0.035508376705209344,9.46495364154425
-6.027297937684981,20.801167953361862,9.329070344061321
-10.203204756235186,3.4358277162738156,5.665724220948755
-3.098924701899266,-2.9652759732445384,-11.707599522421225
-4.405990748908959,-7.030348538755526,-9.718638514369374
-0.6572204771190622,-6.949724882439214,-6.3718881548283965
-8.005019321349396,10.153952829219774,5.517368334929203
-12.351967836199204,1.3000565013581395,4.549321602019162
-6.222932736624038,13.97785881733454,6.254890693500864
-5.177441642265184,8.98664681659769,3.492626567068319
-5.304325089222035,1.8438417820357014,3.6822147166616372
-5.6983234479815605,-2.3174509448554383,-4.382474667798904
5.06660242318026,-1.2330050034537674,7.944942165327664
-5.214708467164717,3.0006942791071953,10.499242527123991
-3.8820344656755674,12.515411189324448,-3.4192972002810933
7.790713523715667,-5.553849554656833,-3.670456918468191
9.13487984002824,-12.824683603051444,-8.156369303787214
2.9609996348026426,-4.633485016552543,-12.263412134164275
-4.788016236372554,12.699402593840995,-4.821222482934166
-3.05890233567251,5.21882848703728,7.5639886680499275
-3.2585874568650586,11.653109932856626,8.805998224331809
4.8153747152215045,-3.881656624743801,-9.415724893558899
-0.7048970081863266,-2.5965416680228826,-4.304896226895007
-10.876720733003864,3.651626956020033,-0.32305206078785087
4.870382548277039,-6.141130565017385,-9.29916525098143
0.5935434567559255,8.209599243883005,2.698556841345031
-7.954553790125763,-6.100417320088759,3.3201680422652804
-14.868328761998358,9.190989262507316,0.033779665329586095
-2.359279450416961,5.491935610900672,0.9983030864886717
-14.61180146980034,1.8465184004525197,3.514259467695698
-11.202584868384227,0.9013710434607045,1.3618652072684583
5.016206895724435,-9.195971969455432,-7.977328651500262
3.5189427667114357,10.72996138328269,11.259252855164167
0.018311430004705365,8.869661707323973,5.988225623213455
-1.2236132727713533,10.58685060751418,11.499189503976984
-2.3707429649716865,9.6511135208841,2.832764639093215
-2.046803265297265,12.16466082120336,13.454566197744242
4.967973641364618,10.705192388164921,21.501360104361467
0.2614164961123411,12.086514888743235,4.390765918525313
5.374496580418134,-1.0905529810312222,-9.13715788127914
-1.993239785227635,-4.1790636327356365,-13.29260269888356
-8.619428943066564,6.0443172309832445,0.38670925192011474
-1.2454200853633168,17.24627234159819,-0.39556798530320414
-4.246831291917525,13.159979551124664,11.074753655476071
-3.6377658608994157,9.031359884090374,8.72864231560835
-11.302103812606404,3.1429879361007016,-7.401631560217194
2.3434214770133037,12.724101210845648,12.023171963376246
-7.672342968224224,9.862932550150191,5.086848431956349
-1.3477168321707254,9.89519073845993,-1.1229480220719736
-4.215935036494848,-4.257813454886717,-10.554661665664945
-9.750432742398095,4.900379095478881,3.7376352794938517
4.328062202474634,-2.651619618816513,2.320976080934008
-2.888770770430172,12.391901618218021,-5.852597112300944
-1.66465285831429,5.02314164483121,1.690362146914316
-8.221636701086348,-5.963126130626304,-12.781574291225414
-7.592434398066524,2.856056746060661,-2.050673730988019
2.0394932517463342,8.001998499040566,4.9443618718139035
2.456919158736314,-7.427373648497288,-9.900170967901582
1.2619177780122257,12.157325228543437,3.6751671979913545
3.3790674952879964,-11.507731440023102,-3.6716724075026987
-9.105937068739777,7.8830600331549405,9.9627222263616
-7.13943071911014,6.449459540020213,8.19042503804787
-10.049964070790164,14.512521007122423,3.7512182298748256
1.1461745932231726,-0.34977760451532625,-7.3359551910568825
-4.150527145612186,10.49158061837786,2.4621443401283276
-12.939212151866137,1.0666316833617397,-0.31986900653765815
1.8996075716903027,3.9688594138727833,-3.276592231456336
-14.228638506454582,4.140172440470142,1.6809121216674852
-3.8949819098459972,0.5662940910388468,5.373399721250869
1.8296274978016918,10.429447155174403,-2.107439020899516
-10.01303958908862,9.839400118745015,0.3602342470812605
1.445519423929195,-7.801410444736749,-9.078053148434815
-6.713741613292025,8.972895755448075,8.1136839904608
3.3026620830099733,-2.691813674359408,-10.94833637357432
-3.8897883603229815,-6.94698629947706,-4.927495105450941
-12.22247383857107,5.520283355167744,4.7168961605828486
-0.502479487928801,19.92682124908376,2.792270752116951
-12.45564180098745,7.927306946446041,9.760150710008807
-1.2073961698277023,3.720324556338954,4.666456743929275
-9.716668863370828,9.892015277650861,6.682440578115232
-4.541662006534059,2.864939236994249,3.7511772287910716
5.5934696027766355,16.866759304504015,-0.3789106215887523
14.297557863229148,-8.380328613113727,-10.132174766825916
-10.481324947093793,13.091340058798004,-0.5707396602872974
1.1533652859311256,-4.14354750086625,-11.465908619256126
-12.157620604623538,5.761361920414037,9.85760838266087
4.221449217069984,-10.714899724004653,-5.821024198403557
-11.569622947266213,13.429701215833505,-0.4134898783643548
-1.1387212910132831,-4.489177208013991,-8.1324497882355
0.8576350888613202,0.3185087247182832,7.880611793766928
-11.139644764552626,1.6462184470080503,9.320959610053876
-0.5911278539688962,-2.8343209192239165,2.899813404743907
-11.312232485470428,5.8521985565309205,-0.6178847544006008
-5.4065139934031015,14.45933603712219,5.212545667305421
-8.161337888655401,12.86417292785229,10.981826448247611
-9.773444918414555,12.934318182769163,3.851259044957584
-3.575559502881707,14.659633315874036,4.237799967683138
2.4324934121832,-16.305627451256854,-8.361446810820356
-3.6199874570533064,-11.850158356362233,-7.034804579054067
-8.598520526728278,8.982742231791281,-0.09658182237597845
0.2251087500517137,-5.571312327668875,-1.1430629423179157
-6.798702669064584,6.698643983707373,-12.140297619016867
0.07414892018786423,5.018733274071996,3.8172005459796203
-5.204924457126468,-16.445159317046397,-1.998189825965433
-1.9225885757007544,-7.8512849182529125,-11.311211311322975
2.373136586736449,-5.140096609526843,-10.922208715892882
3.1579767625009456,-9.153728770593535,-10.892573259334183
-11.44755568271166,2.9114356067890492,1.2938651953220361
-16.413804471414263,13.412265343754704,-2.319904911396568
-11.826875325301472,-0.30783206811235786,2.185178121906985
10.186615958293913,7.391831339053855,3.6105452507505764
-6.729882190641449,7.298279945042482,6.928261108372296
-8.788924707487194,17.701710626327895,0.16093781343618008
-1.4864506425990227,3.8564048938475324,1.9933876484970021
-20.491601574370506,12.75315639711269,7.298394491519389
-5.649436749155139,-5.675002204703927,-5.5506781029792815
-4.416943233241149,-15.09833076909156,-11.305927088275185
-0.4815175654160946,-4.3200067360048955,-7.721650763086293
-0.8929688085078529,15.260294965635989,7.096901671325589
-9.583353753455338,11.981379258904026,3.3286336555236726
-8.497433454378154,-3.934342454121932,-5.18650707892777
-11.926510803607243,18.2617722882488,-7.450065109320647
-3.592102451377828,-0.7706244285572046,1.8677969330865487
-6.455489266542351,12.732842547054455,3.5790717276699686
11.279747670122704,2.55344603929578,1.2745363130387553
5.315209488652558,-12.327592682624534,1.2755196681334127
2.4264133775908006,7.253421210200369,5.852480964290699
-8.974987427166477,4.042543141056488,-1.6421641937719538
-6.761979916363728,9.537962621388974,-4.10285608855953
-3.968960977180851,-4.261594109619029,6.367468555671933
-7.677548007925835,1.3078599054152393,1.990542450999832
0.6555105459145754,1.3815268197095891,4.350354299539177
2.7101054315405397,11.646526934871801,11.459311458313628
-2.3895385507235654,13.373856072260285,11.826660477895736
-10.13065028890271,13.002967701091494,-1.0558298067213112
-14.760128618196124,4.826601422541848,10.535782676603857
-0.6227162957507044,17.27104106059577,-1.994279994451384
-18.016884126841113,8.97384791956181,5.1219318968432
-9.255249133007476,8.251985864204,3.0089365478402303
-7.579144003517916,2.739099456905894,0.3436452602655673
-11.276544704306065,6.289674953403778,9.49899228709178
-0.01050952249219872,11.677261675051076,-0.7990258400807075
-4.02081883343429,8.991471983246841,1.228165830627332
-3.1986944556772574,-10.433427708897163,-6.511259053841516
-2.015468734866077,8.36256039826228,7.142266433331263
-8.546176781284622,3.661395729812485,8.052995018513833
1.880379655110394,-1.498895627951205,-8.875668854289696
-1.8664426226973445,11.762167853511658,-1.7144801981520974
-6.2961952075442955,2.222930144581558,3.0593894940454662
4.332976350173777,-6.183550147926755,-0.8493426149229881
3.748281956048314,-7.985192667593779,-11.081516746561592
-3.401006886478525,11.944332034778217,-0.09086756874361512
-12.26435874593304,6.565745640448805,-1.4959725129683807
-16.7806504587238,11.28819718296424,6.874267184098431
-2.298527214343104,11.587231081651018,10.663054199107227
-4.946172742658488,11.033388921594849,-0.8170733502392507
-1.8686550526296286,-14.110267353952082,-6.405140836494423
-4.360814466039233,4.846491191801988,1.192177230826271
-0.06044573129218733,-7.321340486196745,-2.273361578343465
-11.296133549626433,9.048247923230129,3.332051981570742
-4.684066135239177,14.285883730211566,7.898715773984421
0.43926771958387967,-0.30957981793177325,-12.95282704190798
-8.066644321313959,15.883208894583852,1.0970966215601559
-10.032891966556154,14.474301098298094,3.690939552673541
-9.408697859019279,-5.455177728290275,-5.844640282111189
3.211915490399658,8.430981031890674,2.1287024203844926
-4.286640827634549,13.774341597431794,11.902630073539957
0.2026314767007975,-4.611938022425391,-0.7571874051452312
-17.427298235677313,8.74786613295079,6.074025312545726
-0.07663283532313514,-10.615017587659478,-1.1531636505391827
-8.49249996912036,12.867677775813878,7.975159353577059
-9.568761864294409,4.358890250258593,-1.6626306672196027
6.288670814793887,-10.861828096449168,-6.335881442230344
9.735978761388942,-14.643262530231459,-8.397789521161936
-0.33731040931625955,-7.109477230736996,-12.613433165880464
-10.543867269379597,6.491177274322559,3.0816936281232894
-9.104922849062476,13.036481678752647,3.8538093694058464
-2.274620448301457,17.925104220878715,7.591251931537042
-12.863873956067472,12.112934056383587,5.9186696718349925
-3.983281012498299,-6.566200206716904,-6.436876106285884
-6.696747963146031,-5.846006954926298,-3.085416592666208
-11.299045332616023,0.5534311230066828,-0.7436606823102583
-3.6840954193214177,-2.698008576173513,-6.723775207032574
-11.499889086284961,13.299218814665883,2.603165655246924
-3.962659163207966,19.289749171305683,3.0430787985598102
5.8710033201426395,-11.813557419848994,0.5300028748030066
-0.40077300349145073,11.042374093900216,8.214913905233805
-0.5380325136547448,9.62538195431172,2.062700525765835
0.9250449407771044,9.369148206397051,6.836514536745272
-6.2212318086486125,5.497567119661285,-6.058224444153096
-0.1776134940184524,-6.6317345887277375,-7.686830651534915
0.4930835472912425,-6.247382077033959,-10.319796530595081
4.442929043909334,-2.072518764313557,-16.003729827779644
-6.339495564155898,2.422217034011153,17.33203506189527
-1.5672246470299749,-14.659120443600749,-8.242089445774992
7.684801956632491,-12.483739018753207,-14.87579202551101
-3.01697950195787,-10.696783891901294,-2.5155136594220133
-5.331982639400625,4.004052510054651,6.038665585161647
-7.147179685523952,4.763467850956559,-3.254352596367239
-6.612895399869002,5.5734306425429985,-2.9579486951446947
-1.7507513496919032,-15.365114116082529,-10.107956736518323
4.081592025262955,-9.055738355154412,-3.127175324097064
-2.2673238127554267,-14.884723679660032,3.898606222758003
-12.62828886922938,-0.5082257493217597,-4.698272116951759
-2.764342472164085,4.335679736663872,-7.037894270783925
2.3100539705240584,13.882073365798941,11.569395442683597
-5.615186525047527,3.787056012318894,2.649126813690021
-6.189622331019734,-7.834865640886419,-9.622307952410896
6.314237048260844,2.8067799734527092,0.5583517909538731
10.583812712365582,-8.024541498602503,-6.429895405009515
-16.956103946751675,6.774675396417991,4.509726521392465
-0.20955249394202857,12.051857763945844,-0.08196505148716149
0.992017143759345,8.352788908486009,4.2718232572685695
-3.705321612401526,13.284159683537602,3.2846765247853886
4.795184623407063,-5.101874042779507,-15.304036567378256
-5.74895375431317,12.546092846716007,4.708192372992978
0.4520502780816624,-0.8864203311960139,-16.566921175658244
5.239585550188421,6.558044637333531,-15.930271609638842
0.8352022355309394,7.672257159703948,-1.1765224023564897
4.702255556750808,-11.079031673704947,-9.706533475271357
-0.6000380621500034,-12.43074412369927,-5.490194269562404
-1.6065434140255932,22.232144045191074,3.625647737877339
-6.375322475316866,7.2603399023339765,5.730992498883582
0.1323854250991321,10.051803553994002,14.856481284639628
-14.765639524611512,9.928363743372847,9.62399642141169
-12.90196754122817,14.816435775558045,8.261084405245253
-1.6787569605119943,3.912369891887548,3.2944066465833495
-11.685246257376647,10.165924041871694,2.5488468392596104
0.25778815986259573,7.523204901572155,0.8325824981288024
-1.3090839346275192,10.542057730084613,9.304862049480942
-6.594204819357221,16.563142690496438,6.650051236462712
-10.657162552934388,11.773604404745825,14.667749064427868
-7.748340703305324,10.030560759861643,9.230884039614436
-7.813331602223231,-8.389758015602098,0.2887626255105431
-3.9982953819328424,6.278752139378633,12.57297814529229
-3.2097098978407548,-0.3142846132076951,-6.6274305153059165
5.838585629828366,-9.896245017259831,-14.814168171251392
-1.0744913169312604,9.840258028801205,7.4845622085763095
-7.296077214978436,3.9921019129491695,1.1338303492971749
-11.271227210005048,3.34266939202998,3.7172686614104076
-14.999039405710175,9.562831654257671,3.877770491433786
2.7487675803055813,4.796561316970968,-3.2613808474895336
-7.804453857463928,14.408624980406834,5.42899775079222
-12.33077173525448,7.886276490539847,4.247479555445125
-6.690512755618613,9.490465994168176,-8.799249104375022
-1.9353929191191117,-2.481664251219441,-3.8444540893578543
-8.503749135449167,1.146803829768679,7.845626277372034
-15.004671888120395,10.627139887817448,-8.461078257984802
-0.8290710735068889,2.2182380423420067,-11.021079499604765
-1.1155824481994445,-3.247036878380344,0.13340974290476204
-8.793136824074473,12.647906611949892,-8.67902915902572
-15.235180235900236,6.780558061936482,-1.9744420320158556
2.398539260597656,10.667788913517981,4.566287543053418
-9.057444073112242,-0.5546017731434603,9.346301726530477
-9.54296732802411,8.906224548541863,2.97060462018128
3.786447795196577,-0.3859346714322882,-8.39665190295569
-1.3544290083270858,4.969601671246515,9.926996380539983
-6.844928403300517,12.102490355754046,10.725232821128653
3.3560154469153707,-10.133194877876718,-1.5146728662243811
-1.5321461980695856,3.7011222411178135,9.584292522773193
-8.01545714728831,11.45265250281479,8.37671899428711
-3.810551441319011,-14.543606452462997,0.3468138546387216
-6.213359662891262,8.942840971248478,-3.3171444012533406
-7.427390719483876,8.505612227298366,-3.2927897230208076
-5.854413858261129,11.956550455720738,-3.4704539691677985
-8.623565306429285,11.695966290108649,0.06642417992171445
4.6216353484679455,-19.50822035916371,-6.560325658721282
-9.284487400642412,14.177288148288206,-4.410777788751979
-9.212048597386842,-9.30025568405678,-5.3223170834867926
-11.969277917743844,7.400417822359231,6.797782132071557
5.636416487586145,-2.6023271477380456,-0.44348764251524564
-12.644259680708387,5.4159022195408415,-0.8784180226497043
-11.901800986024053,12.582998201826724,-3.0523737966840327
-5.572362203734463,-2.004202589891909,7.165572132143625
-3.665966418565798,-4.058240251017589,-9.391388174246565
-1.7727265192049186,-5.752913422705934,-9.517456211345229
-12.49589477611766,2.2075453589072307,-3.1273731196645587
-6.5210763150774955,0.40635160862996145,1.5253519813764918
3.670742103034932,-10.108483944334113,-11.433628708599608
1.664779473099391,10.497093049843174,-0.5492705463493088
3.170556992470215,-10.789715375689306,4.233368552399428
-2.1638115174187895,10.472272307492075,7.379356744301632
-9.227079808656784,-9.371439152113503,-1.916666898711986
3.933592332445079,-7.824110630073647,-4.114743211073549
-14.354241543177176,5.76080922999788,-6.251341147185812
1.3593044611156593,6.323577819883523,-2.0935116505786295
