1.1088704728361471,20.51633655543317,10.017044151753291,-7.5227122556366055,-6.487480196058057
-7.108610748759843,-12.663287500416647,17.466667536848067,6.814682872887949,-1.3205608748360982
2.219634659472405,-4.075335783391479,9.69198859915984,4.637695254876148,10.815787457756747
5.747557309344699,2.380127297518836,13.858457824987331,-1.6805373322075354,-13.279225857466919
2.821795097435941,4.219245646064428,11.549901857087818,6.498779483723528,-9.899149053573913
-16.429654807712097,3.1317189067235613,-6.962535888607288,-1.0404916441671181,-6.2873655527707415
-8.01545714728831,11.45265250281479,8.37671899428711,0.519708143785516,3.3958358519560914
-10.130334078457867,16.27211753809103,5.073351135915007,-1.1208084109083947,-5.220185515174392
-19.366784650688928,10.969610818605068,5.711667939454128,-3.26744364466728,-7.835025705158994
-2.0254481482571682,8.466539670852304,1.6198174616024659,6.3962036332541965,-11.475527884754854
-0.04576520405072415,9.45865115885704,-2.5881710261323114,-2.247514883647967,-8.59563337430711
-4.907265066184202,10.322248555688581,12.914297402518818,-3.7948647083581184,1.4304896916314558
-2.015468734866077,8.36256039826228,7.142266433331263,-3.2931239192842483,-8.633034830545206
-2.0470730981589425,6.411373215552473,4.21048294461344,-3.4543148661829113,-7.237602475677368
5.331326350538299,6.383895967138527,4.5697811449401575,2.4813911223882825,-12.534759148610984
-8.956245966915864,3.510142004181021,16.01437493913234,-0.8628584499489778,-6.175369036632893
-7.633139190460163,-12.407097037989265,12.875034725412524,-3.89473070646848,-3.9829993619516646
-2.863284349170133,-8.671688128307,2.542638499750467,-9.523618421560151,4.9467195829281625
-0.890196985023024,7.55683623323087,-3.612577213960707,1.7210554253332935,-7.663279182263899
-5.851207464569091,15.992945807841142,-1.9083676138313903,-7.59571821740105,-2.1732043008488944
-8.915685990437025,0.325637352941861,-5.099538730377713,4.870382548277039,-6.141130565017385
-16.677060723729667,-5.175080952990597,11.600822958911927,8.458922185624877,6.5163440744548105
-13.040821242350109,-6.599019017877041,9.178993172068314,2.2621074647719093,5.820670872213487
-13.369927237226824,10.260948002260838,12.661241554273477,-4.1674828628821015,-6.5928069527030955
-4.055640355275639,12.379913642068196,3.3567279227653293,0.13404106327692578,-0.5109590904534906
-14.206344927127912,10.412917294790441,0.3587293398645084,-2.095212275642276,-1.707152675880117
-3.2355638154620356,-14.024656461449652,10.416673516047412,-4.5590499705063205,0.12035951198772654
-16.388583386171955,4.492678473491208,2.497350156087398,0.9683732535015617,0.102795728792767
-14.012004204682986,-4.931516644823459,3.0902916711668924,1.8990138312067066,-5.267383037850301
-5.327442760184464,6.959630346702401,2.8037577564531366,-1.560614102150156,-5.367378619350649
-4.623661267606311,14.871555225141268,-1.8944184197046887,-2.0178535672017146,0.6294543672725403
-14.713271683177766,15.314816095455669,15.018360759718737,-10.679189800371216,0.6612109902326111
-1.9974592103044162,6.851239725458255,1.3439673240457117,1.992856206097746,-4.490856693983634
-0.44634563983213793,-0.6341368533724658,1.3869546284438172,7.1908992303735,-2.540802070296828
-15.693697434524289,8.9125414974517,-3.3217914013878467,-10.78616986848333,-9.295304085714456
-10.128577611132055,6.874055807317149,0.9278446506322391,-1.5435493245963046,-17.57773047153247
1.1541041316599276,17.50307687448683,6.083451136577259,-10.571135009084685,-12.137830554230904
-6.424168224057036,-11.648058995111517,12.396749847695762,-2.066277143786478,-4.0015621725157065
-8.071124182834831,16.058578006823755,-2.6563468306521383,-5.189929342681248,-2.0805584464262354
-3.5234287214035125,9.248863302949616,13.550696928908495,4.9245427792496725,-5.795322006236579
-0.7008146959344748,11.53296635926045,7.551858636148415,-3.379802007237278,-11.328357700084114
-10.218968915703174,14.234753208430963,2.6355458648398633,-6.139305003774225,-1.3845945139703444
4.43371372214869,-4.282470657048542,-5.752004438366614,-4.230030704497122,-12.767269017525951
-11.695698850612816,3.742985171760459,8.753670451645455,-0.7449502695489763,-1.9108897676306444
-12.35711410832213,-7.346368523804488,7.04753174406182,4.446693642524835,-4.083715620825624
-11.303135944867222,11.313607828463981,2.62505608291474,-11.485219320023399,-4.034634063403871
-7.815510787785702,5.742419397633244,0.7737539839639864,0.21922345807638743,-5.788513528495789
-1.3384211600901947,-5.854413858261129,11.956550455720738,-3.4704539691677985,4.653002517111422
-1.8117308905566292,-16.71322510380113,11.953834804558534,5.300307372611715,-3.521166518798008
-7.721650763086293,-2.7063020372840905,13.109004842818496,7.903175761063774,-4.508466091165854
-7.470763953233221,11.553074479755823,4.909820928457066,-7.038874853530354,-10.112274797113459
-11.207972618845043,8.77329839166881,2.6240557154877386,-3.7722207845135785,-15.40528281794505
-5.8303348395748635,15.81484295943918,-5.545500838632593,9.823331086654093,-8.39124840153281
0.5935434567559255,8.209599243883005,2.698556841345031,-2.4543921852035115,-8.66335231999224
-17.129249385853594,3.6133046675284257,6.533728543775931,-9.39660812116343,-7.823543383423116
-10.335467544139398,15.009214881728463,8.497720001583716,-8.869971187885785,-4.671580521802278
-11.803784483864305,15.307004021547359,5.2582566644522455,-7.439158475390341,-10.26998418997328
1.6686293686967693,4.560069415942933,-6.983719471033906,2.875823892967889,6.338230725841482
-2.8283845155943963,-10.186535883120316,12.858346747011911,5.228233546919526,14.868367148476295
-8.44282327877677,-17.111969138686,10.017513709345014,2.777852421288213,7.987833747744709
-5.639162274324752,7.104735016354514,2.572622642139603,-2.1697491711529446,-9.605473187810489
-9.657956333015587,-15.345045390813906,9.745755941893393,4.3306317084209915,0.20040702499744967
5.722788590347117,3.978839306667016,1.353712245640632,-2.713608727175873,-15.228523051493271
-8.84911893549348,-14.767630492287026,-4.28625917121035,4.731510681545762,12.367249251378777
-19.04782962035207,7.469773722987227,6.389508497158926,-6.434871998762897,4.384265662806059
-4.174825775812758,-9.605749151415292,14.259809970761681,7.755419817673813,-1.7658602120545916
-2.767418398878175,10.042718003001742,2.747608576995803,-12.383243630846575,-7.684151731397234
6.557562235208854,-17.888489772998906,3.883853581312814,9.392580497304577,2.401386181653539
-22.53039327510495,9.6970362301063,11.39646740581348,-10.822247449633792,-2.123839789091668
-11.088669323465993,-1.7471259828481882,-0.6205694611024031,-4.922240620281361,1.1859343626822914
-8.488640682383116,-8.458940806836948,5.9600500047364005,9.238748003023886,-6.870642685997755
-11.417308478051464,9.399130366414752,12.40189056897378,-11.416536554232714,-2.567608142331683
-2.1332621850218194,15.149536428049082,0.8939826330824507,3.0998834523860683,-9.516973809220552
-5.220167603711301,9.246183210587393,11.283187244768227,5.267927060043724,-10.215415349438606
-10.210446729616043,6.553060231863919,3.877162979441781,3.9467241709471983,-10.073417796317711
-2.4484650776866235,13.668956548068717,2.0239383682925522,6.7188846228457235,-8.075751180500045
-11.99608253549604,15.41698993658564,1.5642104473714484,12.52975789202199,-3.4453846273214155
-7.61695859643074,8.205509196210716,1.9716348170156675,1.9455303723401005,-8.026879460311052
1.1368719897595856,13.871582755430545,11.49659315045392,-3.3964553322958326,-8.200088889200577
-10.411114962197322,13.214867797909267,9.205486036820211,0.8986906418558265,0.24180803590934818
-9.687291764119951,-0.5512459976968032,9.521798603538615,7.493415366357501,-5.366200446171341
6.124971588041052,9.49645472216577,1.2354424260326926,-2.9802922592477845,-3.7325592667173324
-5.321202856623375,7.551263382921464,7.133703699812684,-6.474657499618177,-8.008221082644498
-7.782558537934116,-12.734086016277496,6.351865188397061,-2.4088014831828533,5.504758689339772
1.9802450707489587,7.981450286041676,1.085519184171896,-1.372435721622483,-6.508596122150493
-8.196815218444794,7.87358598145325,10.145005719609136,-11.836513849068734,1.7811904723598913
-5.629328050066599,13.32725708972393,2.6151209149609915,-14.216625863989162,-3.5649982938008766
-7.791797213655176,3.357302925011945,5.3909486621805405,-4.180820424017453,2.8270028839501924
-10.452844635630298,-10.146853095027145,11.469172052179271,1.8856405643337089,0.8804717814786929
-9.533916323072798,12.203532463369468,-2.0596649493924506,-7.609591349505742,-14.597819947322218
-3.8326630842929994,8.303037971477497,12.617077143874575,-8.529758063364712,-5.565261808818473
-8.157336318843841,-3.0942708961173686,-5.233311465680883,-7.446674486043853,-7.35234587938606
-8.121935287782378,5.68432282059634,6.402828235141593,-3.3077983956807637,-5.609141299480637
-9.315899706504478,-1.692742663880856,4.2487707247570246,3.647370916146885,1.9302381848221533
-10.859081877433198,4.564532452517637,12.693513514521285,-9.060681506075168,-8.523497546712036
-12.33633303740812,1.1702339730308164,14.176578775537577,0.06969956957526247,-6.799780721772716
-4.3140147680295176,8.463767891336632,3.267646774796316,-11.225041774185193,-9.30427244079674
-11.103116998455455,9.517672528171383,5.327997766431764,-6.057806950288393,-5.256112167478406
-8.185648411307659,14.47866465147472,1.3277452643308987,-0.777161674047484,-10.006762727458872
0.8260828942962068,5.518553237738735,4.595793604999063,-8.476919059210665,1.972530391682323
-1.8946408158032773,-6.798943844759403,9.586180097296126,-4.979797566789663,5.195325455092991
-7.948102299361559,13.66169866492217,-4.1744558081270995,7.693845697022823,-13.476366636838298
-10.314566585358893,7.795399130608958,0.29174893038275584,-6.245182700190667,-12.15493063768801
-10.09493469523343,-1.0644689855058935,-0.8776574890332816,-3.659977682349948,-6.697955363831619
-7.515338361380872,12.59771404815755,0.06942410437724256,-7.288509380978037,-0.3597058481734541
-3.7710978403749986,10.717286223697613,11.81578658217836,4.795184623407063,-5.101874042779507
9.362449394409193,14.08694959163481,2.4373560418604763,9.883360598759632,-8.819973140138341
-17.1962943272473,18.131891730781618,6.907772072003203,-2.8692486668653916,-13.083723798217207
-15.213161049025526,-5.387143754734648,-5.468319000786808,-1.6352667846174747,-0.9545260006705636
-17.71630694738121,10.840252786820194,3.8353926938072718,-12.858983487162583,-8.9491860581018
-18.173619856294195,9.55984820721776,-7.873469166876999,-2.796140240002547,-6.0040959772636135
1.8660114193598254,-13.92957597827715,3.8273318290730645,-0.4394901351033895,6.874973545804529
-11.85847801568117,14.3493893117658,3.7140243805468254,-7.639928171173527,-2.7770827500641095
-10.404442255238484,17.49732006815313,9.464530091849733,-12.37365193576391,-6.828414613805494
4.47787589224911,8.638565294148238,1.7450625602572476,2.291611652198812,-4.5198205249182255
-7.417905252570488,-12.313546057384707,7.117675530935953,4.707754400169893,4.419583439476948
-7.657938065885125,-5.007347710765474,12.375592046751981,8.14085193821063,-1.712754985993774
-12.993585917157345,14.377556926534524,7.92383656938143,-14.983459038654754,-1.7649840854364784
-17.61378493430368,3.041141132369509,0.4123895908576687,-7.223710155462644,-5.009318076688214
0.11056571248621871,6.0738519966255575,3.972874546770381,7.328152019967007,-9.793630198216258
-1.377121559469396,-7.57364368531061,7.006292595777974,1.0846296345898088,-0.5513754012944192
-7.77616196640289,-8.425764260020063,6.516701050451051,-1.5255612299019479,-0.8286976299776931
-11.469423123728824,6.780418569248782,10.664493445120971,-4.010132662126878,-3.0262355435357144
-7.623491350994816,9.63433750473069,0.25675320422269454,5.936839234597172,-7.543350231088487
-12.979800761371635,11.95957086522766,6.333481350576278,-6.5210763150774955,0.40635160862996145
-6.547165637547391,8.293485735716084,2.0081396246131833,-5.38959464941804,-5.427022906741896
-3.968887205457143,-9.168200861090062,9.576800692171977,-0.13127326743728052,3.431152130685074
-0.9974561713945369,16.595452742867803,6.2021712417178385,0.4080511428585294,-14.875244553838684
-4.639009411153955,6.322258664661851,6.004356895417487,-4.0499471043737705,-0.3482613948283637
-11.549217920071872,7.765242905985749,10.804452805977958,-4.643955202419253,-8.422108561635946
-4.57139629298425,10.007270572114177,14.375138664782153,6.317868774759188,-8.714718617374395
-4.854936224027423,11.648973191357273,12.742546062057487,9.825642860246425,-11.898416648968123
-4.928253280758232,7.357004639575127,5.692231543880524,1.1503543288977611,-13.582393091170411
-6.939409894711118,4.797983106729609,3.9636643580679443,4.373467584374149,-13.706937302112172
-7.46033884676997,14.938411335156056,4.617640571660796,-8.837372172045832,-3.4839784711963073
-9.568907030681915,17.509071637589155,0.46625113427507614,-2.3756677980355496,-4.004188965702948
-0.481109657350856,12.589321197204026,7.151961997163238,6.260399342527761,-1.837023067258361
-10.144593455333757,-15.726831622220272,-1.9664372926233185,6.179046570180447,3.254059908024929
-4.859601318230904,-13.94819830858999,1.2935219101363558,3.8897665818727876,2.1729309863863193
-1.475818409578883,9.50921671595307,-0.6557718772498511,-9.189350441004526,-15.260647900116126
1.3479973365263702,-0.465538078338124,5.491370647040072,7.137989419704761,-7.854353233296062
-6.688008298157294,20.0855437455097,3.159792699578612,2.6054147980580433,-10.319314128470406
-10.127068061994672,-4.977853811759562,12.881416201158544,11.695830227031125,4.510185800126154
-6.135559214044087,-12.235532371294575,9.44023265854158,12.426129755060122,-4.560202040470379
-8.650616192014141,14.420080217055547,3.1461686759607437,-1.9526259051526713,-1.0914400947609302
-11.19062286288217,9.5220147337189,4.952667979710329,-13.965984554600084,-0.9037697994101128
-17.74109612532047,9.674510022634975,3.1143289203204505,-3.1457051585852143,-7.225151439480817
-8.361446810820356,-16.87021278468191,11.219693087066743,7.272853215408747,-0.1583045511831207
-10.633124081182022,-4.684778504155563,2.2369033765116795,-6.054532021519455,-6.0162026581684565
-8.965576103964679,5.400047922404692,5.410283603493667,-10.305421339268591,4.172091960172126
-1.101149207400102,5.9937825207003925,7.3295415166648725,-18.856572584839743,-7.772512559291608
-19.254760472411817,14.743918362919455,2.7816653566701364,-5.092285438860046,-6.937086276480883
-15.739001332874391,10.360998215903015,12.372650873269922,-10.455519235363262,-6.190376962061757
-8.778238792019035,15.898303592592969,8.524959315014547,3.981297211398099,-10.307678596560308
-13.84412581533248,-0.1528626006924636,6.224754442709722,1.7973356132175766,-4.586341035389241
-2.259300473996433,-10.951495560243801,10.706512998577939,-0.6574954921822829,6.861572714005519
-5.57377617261645,-7.178614973301691,11.3194170150257,4.166253434557797,2.4559120431773223
5.149246383151826,5.768329503679925,7.0426893732818385,0.12155284095424901,-11.047422127547604
-10.126766152877916,-8.42271542835261,4.988005881544822,-1.6466396340626437,4.341768513269046
3.5189427667114357,10.72996138328269,11.259252855164167,-3.6859110267227466,-15.076608529471551
-16.304041388357316,-7.691757114462775,15.886861479691548,1.7089776172013589,-5.091706652553354
-7.144249616149792,-15.948360381173675,12.84882656451325,-2.064704249672573,1.113612411740995
-7.995926965886042,10.71889712099309,4.207811302070034,3.35134547337777,-5.486012016297964
3.9307147459569416,6.900226322770605,5.943193001980138,-5.0293701174339835,-3.2804407367943176
-5.761262796602718,11.662751792725535,-7.9887143317843385,2.292953618495397,-8.738191707615774
-8.9989916505161,-16.925142507178847,3.7403235652374796,2.8075731419113814,4.975173630152889
-8.7067893583383,-11.835160225837605,1.7735050560690695,14.072543481899844,5.268909672312881
-16.560686161669054,-8.209092908539224,12.466935968980664,-4.561443999246109,7.779504492065284
-5.004024807490135,-2.0682320447783944,10.767977577956852,1.3132921098837387,-1.757974324341589
-13.302261465313945,-9.498762784231728,8.20729688200895,-11.401640000723287,5.459319363322013
-9.440838255016612,-2.84013736070644,6.230250858019183,-5.743360031979972,2.65396473831654
-7.662785137060366,8.765453579952897,6.514768527926646,-1.8138279005508133,-13.670983174768033
-5.648840056822497,9.092719697176332,0.996220429356085,-5.6983234479815605,-2.3174509448554383
-1.141310607359609,5.394277145176828,1.9769773251260787,4.614752732092614,-5.84210976535559
-3.5134425576227652,11.76786753929664,3.0457225280545965,1.8403739771494925,-3.0715380962455368
-0.19645485981504773,10.214399816623553,6.167650438114394,6.638152897193573,-4.771202571589971
-3.51539357080075,-17.661307303021246,6.19523939940836,1.5942597875079454,11.699619350489328
-5.086375933515017,6.013016877668763,9.377077941461295,3.4283396902516428,-10.057425892524467
-12.33510938876116,15.972096171222404,3.8212963749202045,0.23271463667766312,-13.743836114716597
-1.63600127621361,-0.035508376705209344,9.46495364154425,-0.4274896545385216,-6.240613704317356
-3.020001783258832,-1.1817090337386649,11.92976134005043,-0.6895613723298033,4.885789879208685
2.939126702029556,16.684176732446154,-6.605599804051595,-1.4417919678148818,-6.583916579789158
-1.5599584419904287,11.898076459163683,13.94890775457626,-3.4102811621849183,-8.627688125040288
-12.384959804770176,15.744060325531784,7.71360268436655,0.45251893295915746,-3.495065505845219
-17.996195612921156,9.996190434327131,3.4717372818296592,2.6685247941904278,-1.3633920803938757
-8.1200662447686,9.062049232484952,0.9629589369956344,-10.217365773024873,1.3011661968197998
-0.011012117422963374,2.5324065318791114,10.386977477546676,0.46864958713393623,-8.256243308678421
-12.025257195534477,12.066437020084322,13.699921840080474,-6.478600764952637,-8.003210257194784
-11.490346401138181,7.743306175171858,8.043811789750805,-1.4441337703403585,-12.610476671155627
-4.089686965235385,5.310124088359809,4.568433679278257,-5.98385355354071,-4.056121878470491
-7.758763424509814,9.887765731283094,2.15379003908693,-1.4269930347147666,-2.31371658909545
-2.0051105117824894,0.866321198316685,7.399197112775605,12.001039912140499,-3.291669292186021
-8.862906866537731,6.109260096762,2.5274350276146773,-2.336915838917848,-7.058752254793982
-0.2934216418668498,14.309091977073326,15.240888179250742,-18.2149334260848,-5.880120050156826
-1.8039009313504897,8.395823997450494,-2.1861990090193153,-1.449594400233888,-15.382946285901465
-5.656572427674004,12.002888462761362,17.437318991417065,3.9443347933387374,-6.268531365037872
-9.884302986126963,2.074712674770165,13.222926040229842,-5.78883584747616,-5.472630232010814
-7.479728788263714,8.859591142420202,-5.160911205241058,12.275962767020992,-12.844926965702452
-4.268891187035898,-12.92034768714122,8.281057609462357,2.364153381415481,-1.1154835295415282
-4.976360034069383,13.630099169908085,13.17290360462041,6.341116762117628,-6.833905462450583
-8.258620557880278,-4.134847037522599,9.804347443488385,2.2436401016097447,5.11914805314506
4.5436424019730435,15.086681797735055,6.0225971706914345,5.970665951461472,-10.082094364997191
-7.947070686311689,-5.5649446692244435,4.95719768133346,13.773329234892783,-9.160210049451326
-4.348274705644674,-7.952233831277583,2.7632524047291707,-3.1181818042454754,3.675860550545196
-1.1032998117054857,4.3861818793264895,7.848316022001349,8.09630512007239,-9.79641705228801
-3.7876676909935694,-9.875715370055373,10.466649079704785,-4.324675798213848,0.6830946666798985
-14.77818713030533,-1.9447790253192574,1.0993667244079184,-1.5281053603380124,1.1729039872554465
-3.588932695180535,3.9437140933760437,10.620358475893468,-6.662677379001335,-5.672547471937913
-10.257515478475586,-5.4726676531874485,-4.527739484830358,3.283136987242054,-1.7688946010761573
-1.587686875624323,-7.821813038790636,5.9001077371357855,-0.16824888635379853,4.860336404752086
-5.164774548646271,-7.296077214978436,3.9921019129491695,1.1338303492971749,0.8634402133247439
-10.955815023083776,10.3915763308903,9.236453311795572,-15.918221464784715,4.198247891570781
-3.968960977180851,-4.261594109619029,6.367468555671933,-0.004412573960734356,-8.32531147350098
-17.074915978303025,-7.921826696111045,1.4220582175492344,9.886373439450082,5.4137135945597965
-6.890790962923657,9.20258729403801,3.293948177821157,1.5424774565239123,-7.774687026738698
-1.2526694190208483,9.006533599018807,2.7156694264924734,4.293031098558027,-9.072563222437749
-6.120721545206248,-2.5642680392901624,6.162876322756431,7.845375186415958,7.822624091584176
-5.179939371493234,0.8990566608695936,7.456606148753221,-3.5307267302426926,-10.436120314953959
3.3223161131311976,11.856491159479095,7.63784940263557,-0.5624456163422193,-8.061400876596249
-12.568546876029616,-2.775286569533728,15.997682371634841,7.847460759061462,-2.0665180021518657
-2.316237921917585,16.292379578603907,13.636236711323098,5.702175939242751,-3.9124813251832244
-12.07440854221035,-8.159734803896017,8.14807363263149,-1.4494896188027244,5.811348860705193
-7.362788839920418,5.403593763646062,12.679444989879851,-2.7073416192332718,-5.50595291488377
-5.074024211230859,12.56483233001809,5.102273193983587,5.12354437694577,1.9350601703648707
-5.57035784656938,-15.113866502919189,5.567541906479876,15.445671425184543,-2.004892575563475
-1.6672216606765176,3.0578354317592904,4.953305820662467,2.4164031709307947,1.7310158372735795
-5.9568992284545805,11.489063716005948,6.731141610158103,3.9752298301329163,-8.008195428997936
-5.846489357050975,-5.043634756026272,9.231215728445358,5.205281863973322,4.453206577348296
1.596832698983869,-8.619428943066564,6.0443172309832445,0.38670925192011474,-3.9563246341947576
-10.63914465304346,6.812281624209543,3.908021036162204,-8.444398716390248,-7.04277423779921
-2.757115164255289,14.764444047869878,3.914812368145295,-9.550751093466719,-9.969423440115266
0.733984050552055,13.950830624481448,10.249144783362343,8.525888807401797,-7.991691083429099
-7.223055472917887,14.08483350234427,1.757241778048721,1.2806864925057164,-4.55642303699809
-10.711424732041339,5.010923343224385,-5.373894813243513,-4.189962830397864,2.548770426928585
-10.650454763636283,16.919268457389503,6.598024212294551,-4.271395590161298,-5.122130991300759
-12.02978294780468,-12.583485111411488,13.410390764256853,6.12507732989604,2.9027981459583834
3.6025661690190454,8.59274515693152,-0.22300420546780408,-4.343623845802917,-7.227184781693008
-1.6567114478505962,7.888553491448215,5.627773446485141,14.297557863229148,-8.380328613113727
-0.2986142964853853,10.265505791066564,-1.0588933045554292,-4.734056105057755,2.5545133694699143
-11.919179086963103,-14.42369846894474,7.821551698105907,-6.276477692526138,-6.5625619568302795
-8.581915071684783,6.3447406216143225,-2.3958412948464805,2.33815346380752,-2.9792362925683555
-4.318705557051683,4.550679514009939,6.2453245549227985,-1.3093522013787213,-4.557501937100995
-4.215943089291945,-3.593478043680159,4.989507322036057,-1.318053025624677,9.189127685793707
-16.950553649016374,10.480632698865836,6.056375928428887,-1.993239785227635,-4.1790636327356365
-13.660847161182193,14.272251331556653,0.42215402500074806,-5.928089999776903,-6.799360097931616
-10.497423637627385,-8.234543725688672,15.061373390643334,0.8338246114159713,5.122625376897064
0.24948742927262169,5.463646338560903,-4.2984792234308085,-4.12968083746854,-10.225640832057335
-18.890550113705487,13.71941511691102,3.791981553922051,-4.770400048222155,-1.3234806343916894
-3.9641248135054417,15.725424642698155,1.6924009078068298,-1.1502265728753986,-10.170649427985907
-9.078053148434815,-19.877082338548853,6.222549780458915,-8.316973397315786,6.421618278849753
-0.939887805702079,0.6051845025321754,-4.153116163742636,-2.389983452914322,-2.911337481249502
-4.194217455147144,-5.275185337403865,11.121255263388917,-2.724821398764645,11.33512645424263
-6.1872328345698335,8.40394832565163,-1.8903368146892845,-4.090877367640125,-1.330522079469488
-2.3589868158737968,9.47977505166877,10.600745441222697,0.749416506545554,-5.546473285745969
-12.607800683270547,-15.655190880241802,10.86170503404114,2.067491167425712,9.485835252372098
-3.137004468853628,13.21872352488036,4.142006457669344,-12.84351739627916,-10.52997544707044
-6.440265488011795,-20.79469991175675,6.949143224466255,4.293216070813366,1.4877853181229512
-11.184159687096923,3.0296100396126384,8.323959295018948,-8.211907030388113,-8.791170849055476
-5.186884719165047,12.34146044015206,6.229216541645059,-4.087017603822333,-5.514277169612837
-11.068656752750794,-14.235290042132782,11.505166512175983,3.216447165796245,5.886828440650161
-0.7340853509451681,7.908720651755813,0.4384716829424562,-2.6409812646934334,-8.39878143108235
-6.8648664432403335,11.03123624496871,-0.05246071480114178,5.1945104814872405,-5.496781428176631
14.352283645080615,4.412332102861442,2.646686886152095,1.6688492465670013,-13.973379484108284
-15.912146530011546,13.304066326293341,1.8169324696674334,-4.4473337515619304,-1.2474957891180551
-16.21727897085519,6.103163252078218,-1.6735308606576744,-1.1531604864074962,-7.870316258058916
-10.69726629402597,-4.473731822782077,4.173996641906641,1.2476772256827933,7.665132981585396
-2.9594716389524445,-7.285371462272497,16.6466481996141,7.571948214265856,3.699459362904167
1.8677969330865487,-13.910422142476008,11.237874133405434,-2.8051896942811023,4.3122594185965335
-0.244515990385203,8.183981586442995,5.714572986701876,-8.138404982037944,-11.594911233487583
-15.599350176440435,-8.243235726366137,-0.3030725356685755,-3.64677774057024,3.0712721649298094
-4.591214950694395,18.914660481875686,10.419232481798883,-3.354819088884661,-5.36875217344144
-1.9365307919754304,13.76501348319248,3.650113203386449,8.559560817596662,-4.872909056027321
-10.876851860155977,-12.939212151866137,1.0666316833617397,-0.31986900653765815,-1.6120221572434215
1.8855328436549712,11.292249690722853,8.537998922119225,-8.718578458595626,-4.7899691180856445
-9.34082716925596,-15.60841954912803,4.557561998324269,5.540508313830051,4.957246282581437
-7.682088781693587,8.71856059396105,9.739398328711378,1.7940706806039737,-7.565141843023062
-4.738544780908465,-4.342649188198551,11.83586902800762,3.0945544047223814,7.8329749337283925
-1.63146847360021,11.056847870085452,3.708016864412643,-0.050159432594499176,-8.694413585994807
-8.294543195874073,-11.933691439222054,7.165961293383589,3.3960097485959007,9.506249232296598
-3.4933119848438365,-12.713498703754631,7.268833730417725,-1.2651244549675442,-5.499384256709339
-10.670536226711944,-12.27524931708951,11.57676125440996,1.2385898559527952,-2.7004214455761195
-11.145049549647439,15.537214210496618,5.782933619027565,-7.386531578685412,-6.0779114531021134
-9.94691365586736,-12.052114271378802,15.831128267602377,-3.518987074215758,-4.1447642576112
-2.5320117680042316,5.602573122597552,4.398901408549037,8.328860813845306,-3.025311683831072
-8.372213907359331,2.8469456217977935,8.114868340112476,11.70588387151456,-8.182120000844883
-15.011706363083867,-11.488016603948456,8.446651842443801,6.229941945062971,1.073268508949675
3.6066571299045362,5.597127177547707,2.0905909487282273,-10.449888211488341,-2.280489640412952
0.03769295862777877,15.250921404356944,9.469488876026052,2.3834440397047207,-9.316602310757009
-1.0036940541557016,-7.677548007925835,1.3078599054152393,1.990542450999832,11.972727215673018
-7.927372421521325,-15.86114904198422,0.24103474010136594,8.197909344606817,2.5609916511989574
-4.5160964097138825,11.70439790218254,4.87964908764363,8.01807940447306,-14.087098431469347
-10.346043729458042,-18.016615920946194,13.179751862106421,9.95053269929284,8.059285192122816
-8.583235210540684,7.284624744776336,10.396761532546712,-6.622949898115246,-9.830054383803828
-4.246831291917525,13.159979551124664,11.074753655476071,-0.250018107287469,-9.016666903398647
-5.711191448637079,13.482536890901198,4.51751003262631,-3.7436230105648622,-9.973317291483633
-14.020185817283851,13.65558323101838,6.011537974921513,-6.9418931716264005,-5.199144117156733
7.8973756607729575,7.491517935762034,5.116482870966697,2.8683536666855574,-3.841792869494477
-11.892185182742216,5.550385137414265,9.385366189893304,1.0671919008906103,-13.25751717878412
-0.4475939979162922,-12.849100714184232,14.154296056866944,-0.5734863791042755,14.981488425482691
-7.287723727372692,-9.750418434333705,7.478902749873773,-1.361053781375893,9.18441610155336
-3.4207038690005103,-2.1638115174187895,10.472272307492075,7.379356744301632,14.261697090569145
-6.455489266542351,12.732842547054455,3.5790717276699686,-0.16117428625788222,-4.372385533527244
6.571241328166326,8.45962645005077,9.521424468633615,-5.2910776114210725,-2.9595951365804285
-6.239269624037259,14.692100410691122,7.639511071687814,-3.3560093277181355,-6.712267802001977
-2.45109390526735,-7.6882801378218275,17.849534921538755,-3.5429719004543845,10.270454318514975
-7.030830940880202,-11.676856677729438,-0.2990835175971682,3.226925221311519,5.490883046217574
-0.5176723602822513,0.6186114911156846,5.013042822241712,1.7924501952784497,-1.5718720166836082
-7.281683932859853,5.25838900487868,-1.0122614293745498,5.8230564835947,-0.5376795791317601
-14.71185825809641,-15.558900108451944,-0.6927794185810452,3.2598598177451974,4.9134787468017285
-6.188489869666925,9.431021483164535,9.046302743391944,-2.8940640230566492,-6.906614072958942
-4.676712700306735,8.909042982740168,1.1091444614334565,-12.29710934681912,3.308441983684662
1.8887653168790788,12.049941632116415,11.195673267818627,-4.2897753778867465,-9.391939625704353
-0.69681532902624,11.871023679832263,9.492497936294155,5.682984766588058,0.5036659359968745
-13.337737602116952,-7.384063755752475,2.780271436791513,-1.552940679968951,6.371381587896062
-13.744663983845506,14.873999101841045,8.816380315742649,-9.286866604030674,-1.8702583624334848
-4.1898009923669015,-9.04673176858548,17.413062734664898,3.1038846427066793,9.429513552139209
-0.01156269757570838,20.457696472186683,-0.5799853637631891,0.9283672472805791,-7.522164595430299
-5.054482533360894,-3.983621099751705,15.334789043533252,-1.6877304434240248,2.0716340367276853
-10.865511184859997,7.867367753962337,10.321843457523414,-2.367309352809242,-5.450854253870794
-24.23725905296786,-6.793187487922824,0.6959733570866709,-0.7313057436133805,-0.969646637804229
-6.764415977785108,-17.10292124583043,13.339086147652726,-2.251064489992908,5.836637182233247
-12.269468650161896,-12.281916088750584,1.052028600819944,-5.332243551073816,3.2275919849444517
-8.564598721193402,-6.764835112981576,14.783121147225065,7.851330330906103,3.1391766574947857
-8.00383769585087,-14.501673016020492,9.045301761938484,0.1539898435433238,1.6250945029518467
-6.844928403300517,12.102490355754046,10.725232821128653,3.1046110314351063,-2.642620028268076
-8.270576411193108,22.247732220616562,-0.1422055266225417,-12.737888243774272,-4.670008811662061
-4.976511704872829,6.789369521329023,6.017431647969367,-2.0195568940901802,2.180273429523087
-7.9436456444634596,13.599792681164129,7.900329366923648,-1.7076374452248757,-8.344231105544596
-10.673959025762667,6.150444005455692,8.642370045057964,2.8695427060741525,-4.215327727083976
-1.1531636505391827,-11.496112442851294,2.8517733521216897,-1.3974972741313092,1.4833848637938503
-3.330463947273313,-3.4738940416715423,8.950707212667755,0.5914570514243223,-6.412879919164045
-1.6593331085162086,14.780512060340602,9.772778068988492,2.803610346481488,-11.981543427462043
-8.272065447330839,-5.671521182417749,-0.3804422966556311,1.3597168371546933,4.555932038913452
-1.9758423475885705,-12.549475357594183,-3.484278751097264,3.30016850342602,9.104797402710922
-1.5897808635269626,9.514763341096813,4.188740515947053,5.878536022022995,5.813828317536162
-7.70284964537157,8.89834814415537,-1.3293309884399793,-9.555308785491345,-6.997180834787519
-10.588224606867847,4.2523624895102206,9.132915351688043,-9.958124781367218,-8.384728651844132
1.63005285675934,8.979072133574643,11.201921944941262,7.552679950767539,-10.125955081530893
-15.278601707360286,11.220595682472341,9.912972193607363,-1.3426489260569436,-6.738448751494091
-8.33484803397019,5.338326281772504,12.570119896165767,-8.703106240197538,-3.057987977183142
-11.832329119897858,15.224834132250693,5.378335545830665,-9.067751147833802,-6.223106785618034
3.022447901089463,12.872476874705002,1.0231834239719317,14.142410075952814,-15.73084313286073
-1.6457736423158051,11.431834390545456,1.8394285049786898,-5.079680445920454,-6.956044264432549
-15.894369373345498,19.26225081683034,8.724735827623794,-0.583763841092523,0.9718575193585872
-14.095785648554731,12.415062907976488,2.589244520468471,-7.1257792841790994,-10.844152995720552
-4.353088226120961,-7.859101521582582,10.79862639093982,-5.288823463585036,-1.6998507085365908
3.6137245650779652,17.13126893969355,-3.044860963903501,3.311925805763043,0.4178408257663371
-2.6521020209411894,0.36275791757394416,3.5961554551881267,-2.6969532922544115,-1.3114811418437355
-5.886274502197765,9.567700963867185,1.439615088805792,-11.920705706158994,-13.811687763038535
-10.359416693999824,-1.8311827453056368,1.6151638068017515,0.1387980853463484,3.1298775378242647
-5.366098451823458,4.393871939462797,-8.422866227239906,6.725018095925248,-2.7974017863946337
-12.959262915775085,15.285920667087815,5.585959676065595,-8.357536112188757,-14.267254742405196
4.511900339370193,-5.551502939688155,0.9714791956015532,11.87662158845317,4.064108060535424
-5.085008830496252,-13.777371929576109,9.997415644523752,-3.1627876120746556,7.8805300484232
-5.705079972113214,9.117525628441962,-0.29914300115939163,-0.5486473723976077,-10.098697259354362
2.437649568357906,6.47874665753528,-1.2153304346511709,8.012216226245743,-8.46287733745741
-10.604030626908582,-17.32381468156727,4.095675772256326,15.412849603056138,1.7331956754675484
-12.537856603412733,13.619613183726974,5.774129986001876,-11.102694431836994,-12.68693281463828
-9.167777674641497,7.7221607769427925,21.722411362519487,-2.620243786455,-9.707259223745712
-9.815634994728974,11.762782465867364,5.581492136011342,-2.4395886538381433,-10.399200570754669
-4.6549302726949975,-19.29886390476213,14.387693199348163,8.73080404957414,-7.491822261813589
-10.387890228261153,14.080717626892326,-1.8917441570322122,7.4352566533850295,-1.8972775140223455
-14.101808435196617,14.132839385025168,-0.3369087167323226,0.3571085845464479,-4.759118099935102
-7.9894141122524776,-6.729905415313787,5.147411751495561,5.775234504043058,5.141326725243922
-11.946688771264576,-5.332396126284144,-0.3061256783642756,5.111674237187016,9.384021487138213
-8.840900151181271,8.724366391037151,2.39797774095869,12.023216130440739,1.9696849122335607
-13.425868347921128,13.21668562248012,12.285722868236217,-10.324624340417685,-9.243224712976627
-13.18334345249097,1.5827495524378152,13.333455003832002,0.15961084886987997,-6.90027460942807
-1.6968754461796678,0.6694685189323408,8.5476197849714,2.5786840751305538,4.923625390291837
-4.766245911055945,6.834018689948923,6.052596466762067,-1.566093699775184,-10.788189794211114
-9.225854743404998,-5.615186525047527,3.787056012318894,2.649126813690021,9.968445493077938
-8.448761666263074,7.24920584457051,-0.5430007455533854,8.538512261884307,-6.62694811318124
-10.373133771256217,-13.190913285874455,15.848593651533854,0.5182836737795313,12.23633565047665
-8.630201866231651,-13.818576686644882,4.6619615858497525,7.9979961340313555,4.742316976303657
-14.767865039146233,8.665404364781491,10.412264392438722,-11.69054479512667,-5.455933998320216
-4.258786205060103,-11.38430395906333,11.211179119573423,8.901631100783957,9.224181561190093
-10.002613476763528,9.485474369503166,-0.07166126490363212,-11.521881740055905,-10.589143709990989
-5.360679614657894,15.154295247167955,9.41567065987155,-7.590270720408554,-7.382136296065979
-15.022995231363826,12.437497135974164,6.591145181143812,1.5486255214615705,-5.693005267352554
-12.937326904463259,5.019579115740615,12.391082598677055,-12.020505852560099,-6.251248594469683
-10.878713663404206,8.599771105798387,8.799181251885027,-1.5184852775849125,-5.630954651065772
-5.69720083889496,-1.989783866787107,1.5453955071543932,2.348641211576943,0.4674372122698003
-9.977887968384369,-8.069168176244725,11.155859756056683,-6.5666702441771285,5.585794773372996
-5.582905295143022,3.848432858058641,12.384159705210587,-5.039170824221561,-9.252253196628871
-0.5557290607739027,7.644644820122405,11.898823653261276,-4.058759795341868,-8.034182898157201
-7.304558685787713,-15.054947398666505,2.516081067221015,6.176561856261009,11.123812370633772
-12.325510174014969,-9.617435128281524,7.512832490543454,4.945163374612016,4.180466936536846
-7.428957112356659,-6.350901470107721,5.396606277872625,4.124562621101967,-0.1605037986499953
2.376702381012616,9.224186450548435,3.953519750739021,1.352507739532434,-3.1779231014125773
-2.7987221597416747,13.10670980139102,5.309117107458101,4.2063683415261615,-7.945989070980227
-5.199905931367549,2.2808956413915906,0.2369225059925686,-3.6795918394671023,-6.20748277801116
-10.193678452590596,-18.986697095333923,11.141478418597982,8.30760001830964,-3.430793163902792
-5.442018020866344,8.02660999971348,0.8446766001848598,2.140463538902245,-9.988718693683227
-2.13938280268491,6.426617873657201,1.6452568534314227,4.750053767975272,-9.993979673267688
2.7032604636443542,13.531948581327534,4.73488049153885,-0.698912584426794,-14.35489654522295
-5.142457712485575,-3.0207839168610757,8.64930055199314,5.231952909671931,7.427867422168598
-4.297523171286397,-3.973345029971008,5.446053483737616,7.934064455323096,6.570370095227329
-11.251932547840383,2.7275846260540986,9.060383019023998,-2.7802492730859028,-11.084171181390545
-12.843824599154303,13.239867004691458,3.526861414740541,-21.251570400350833,-5.720235916086903
-11.733629498591242,8.166986433496298,9.62736406688601,0.8766320659409734,-9.627543076707004
-0.22081535090855553,9.362549450792716,9.557400368020428,4.341306622578555,-6.6078743014584145
-13.04523318997506,12.836018803210571,5.0314557066253,-11.545283649298428,-5.375254141360454
1.9916873115095814,12.904832058828408,6.413771247079099,-3.5161421078053854,-4.903079878858851
-10.259088324545273,11.458742848341318,9.43537428491087,-6.423943667766765,-4.346156065318401
-4.353348771015451,11.02314254099119,3.679323572620901,8.925668590144465,-12.436692251823445
-13.375692814781281,-14.949386800000617,12.61455815021824,6.710100845888,7.329509258800066
3.300488965681123,16.778585007394952,2.442289458856715,-0.06640707991574679,-5.571511911288939
0.40141635051244595,13.453028426165108,9.111540486771908,5.748158670164411,-7.915456641674141
-5.6822227995195345,13.993047311605102,3.2553846372462107,1.8462244520182962,-7.7448015846358595
-5.0711158016449325,19.339867011142868,18.051349348396478,-11.63331844769828,-8.040500257752129
-3.044726719472539,-0.9632663876223084,1.889252114862348,-3.557875006983627,-17.587834525321625
-3.853991088184669,-3.261161269730338,12.587480700012271,3.1410418327357066,2.7601060336030754
-3.4394389914742662,20.501616026155453,6.69299350734541,-10.984992153286353,-6.217987114232875
-6.777880296477309,10.810333130487527,7.423983040103092,0.9213188911355032,-9.853508463929582
-10.91641922298664,14.58077496076206,3.8304395043502115,-3.6768548908681074,-12.219581522744335
-6.5877153601009,7.422122034319632,3.6612243078361577,3.988003839239405,-13.598161004872278
-4.806869667752033,-5.082673517606757,10.443879991096082,-3.699006922094365,4.4479033281859905
-10.292064564705422,-12.22247383857107,5.520283355167744,4.7168961605828486,5.642375579575977
-3.4591695589646476,11.256237596277629,1.6960611551941227,2.0196284465952954,-6.182914223044948
-0.9869520236984874,10.300323583098855,4.759537908557286,6.332739628002696,0.30715445051636525
-7.501334460414366,12.191451618308939,5.778099767262333,-10.309894301894959,-12.457077299232367
-1.252170738074227,-10.203204756235186,3.4358277162738156,5.665724220948755,1.7204665697596746
-15.199076303488937,8.016598867607646,2.5686633390370766,-4.66613490800091,-7.996618101285825
1.3177534477994186,8.055178837165126,-1.455694220367982,2.5617757708452826,-1.9667598730123839
-3.109693741823586,-14.429698529462406,11.037820313384861,2.5916472364125944,0.9614924720336635
-3.8602142164404416,13.752370816505367,3.3892658308555452,8.47843184975223,-10.261692293571464
-13.309883461850077,-8.400436661868065,9.303201293632569,1.6053788584927102,5.089914504626206
-6.859644554898665,-4.872480922670521,7.240844164260575,3.282601948390565,2.2807896510502297
-13.640753025950534,7.074899782217178,2.475251268759404,-12.99897040199891,-5.124564750597578
-9.067170418441913,3.463790895269529,5.156821456389218,-7.446639406927463,-7.224222024400355
-2.046307280231213,-7.185460793508831,15.493263833116943,10.796177959097099,13.005310472218012
-10.618932650347157,13.199806419989175,5.749769659108234,-4.9443082234281865,-5.528315652226212
-17.581438987165843,-15.841697712228825,7.395183214719486,4.110668727283109,8.396436994368202
-12.78446292048461,4.943748983529593,2.3878446594005176,-13.06704932199008,-1.6997826141300934
0.2714113696170761,14.233589182791611,7.27211964290158,8.792602306026257,5.8161863901953925
-0.4282689823025949,-4.800672757541963,2.4573113486360345,3.8182154808245756,7.001160271296568
4.753553614259105,10.824355687910675,7.546449506406722,-1.1753346023848321,-2.495853941389643
-0.3867664027704967,13.71696405300837,0.3016733863312284,2.7024789460822793,-13.728982474732753
-7.014268811821245,-11.40752084084987,1.5869130772570026,0.4601912773889303,4.9643383039991145
-4.525645132918352,21.0244175373756,4.526863389004004,4.597613577260484,2.0284982609755655
-5.246988505450277,-0.1780812997956005,10.837931908474314,7.2009234477793385,8.260093214375967
-7.924880369396017,1.7123501537921033,8.666192847822746,9.58734656488412,11.144436013827228
-1.8014260270660696,12.00009567266548,1.361863527288949,-2.6033135846968043,-10.70976243193757
-9.679641969215371,8.056622008631857,4.927248851349585,-9.440842766263257,-7.389374753550552
-10.064858719330704,11.482844559563969,8.55868510362891,-9.860565431582728,-3.7080176444349497
-3.1776314122832963,7.506437630241054,7.375443092637125,-5.500536072469919,1.085512501998779
-4.275268765401803,-1.2366315700884964,4.849618186664286,0.5509758758963927,1.5212665666561325
-1.4906886323585025,10.463497449040661,3.3657724943662783,1.2237798501284236,-4.240803386492966
-3.0998429828827145,-9.166065790541035,17.23198194749885,9.86619325537842,-2.479029756247831
-6.395968706228361,-11.357561520760397,9.045444002391378,1.6504572407706029,-4.507680216497432
-4.72522190054524,8.845519058201475,12.737343536965511,-4.48021893707988,-0.9110770313197891
-16.311555251431077,10.45619894618242,7.104357149039047,3.279455570862191,-10.66446413297048
0.5283740126947718,4.292442240483059,6.256107650772998,8.2191785213784,-4.422604356053783
-5.960668248894024,10.0815563990543,12.788539552935088,-5.811519565878554,2.516935746042333
-13.876147984814672,6.887616143919661,1.6126035237286285,-6.008521112009388,-7.59792763870144
-8.316602567591348,4.333049485125697,-1.7872659336700707,-5.778740664260797,-9.650569624412405
-12.986976252085851,17.647115474443893,3.0564502172089782,-8.679551790882176,-12.565271916612847
-10.370125801266813,16.415873703010774,2.5870433445708265,-7.188065968996291,-4.883561131643178
1.7813950793020528,8.200235419971342,6.692670240435271,2.520554007818233,-9.296864527384034
-2.9837401563051293,-10.291203272122821,14.378777420794822,-0.0047498032047168515,2.3569944587978733
-8.325144928320945,5.335266552984172,5.658239260693593,2.9307745032705563,-5.67343650287453
-15.008662538605098,11.186810890601095,6.759366565257715,-2.9711092591417754,-5.396736757866414
-5.263938195379886,9.25621171962734,1.2021615795301446,1.3185898200919857,-12.054401513811934
-5.762765309778198,14.379722855249888,3.8200744382184952,4.709249374225752,-11.46542621713145
0.16594889775569577,10.75373221772505,11.34674987778433,-10.253488949755724,-14.23074945636908
-3.130133980281718,3.7208635641890373,9.088380041379367,-4.2678005289803025,1.742633742773152
-2.79539576599481,7.627303265561381,0.9310555171809343,-3.044989347181515,0.3697165013144197
-14.075767929919998,2.837284655600973,9.162427274874721,-7.494685054341763,-8.843762218556709
-12.3586787502539,11.30884956522306,16.643211495707007,4.385480679305814,-7.189115266967186
-4.771508784776096,12.89953510271636,9.867734677959685,0.2624611209138259,-11.50986028720866
-8.968084521950349,6.268774388732464,7.127531985341252,-8.719842234584148,-9.055807958970696
-1.5088734235526449,-1.2073961698277023,3.720324556338954,4.666456743929275,4.915802622308581
-8.113309450654686,1.0186036959632574,2.606263420995182,1.5314563888952568,-2.2728791762187885
-2.647519134639258,-6.339495564155898,2.422217034011153,17.33203506189527,-1.354462230620257
-8.279475024106056,-14.424034391018562,2.263048486510818,3.9051703105597975,8.210740764106042
-1.4160060427834378,13.423091322941374,-0.40554787809743686,-5.943301383743705,-3.0111251069828606
6.588667610440527,4.873316221869503,5.837266144757584,-1.9369185005973049,4.2338509545241045
-6.601568708264706,1.5004610400453036,3.3362030117690065,-3.653925354793712,-7.624810524798919
-10.85485941850541,5.155190739414546,12.946387489268872,0.3019342281888937,-8.468861723704187
-3.805449835953878,15.182720735078501,7.884499888763079,-4.9868120019993185,-11.071564646740697
-7.338808967036987,13.891286241233122,-0.19296264426167475,-4.7557912892199115,-6.768241687077205
0.584235116186778,14.660908315895824,19.464930594831714,1.4900251508246276,-11.545694229379258
9.277684202110791,13.703477636031542,0.4393284433114095,2.7966588211264347,-8.692302316648082
-13.677945582011283,15.441607097416401,6.480028909020165,-7.448869141073972,-0.5295756898419492
-1.2513983993908688,7.340841172550082,10.007343735114732,-8.616625987230972,-13.143682881581661
-6.834371438500132,8.4248137314499,6.671858251494131,-1.653777016525492,-0.4473647872937585
-12.467200460842928,-17.375250169355944,-0.4443948015753323,0.6715002729508572,7.131085228034131
-2.7455208861977964,1.2245245398149827,2.6379720353115115,4.4718577845012835,-4.216651644298516
-10.13065028890271,13.002967701091494,-1.0558298067213112,3.3118830124570384,7.039259926293985
-8.558764567874555,-12.78555455784095,9.490971502741315,-2.0080375588848476,1.797194444172693
-14.044394854293449,10.99636042282727,9.073859273624576,-8.092328700595807,-10.387123517949894
-11.625216950993007,16.755164784983904,4.8303372355058585,-5.504862504933154,-6.657324217241634
0.4098042577287031,11.73178164214503,10.057927105755457,-2.279612609370246,-6.355950697960617
-11.205305725020912,-8.532749709799072,9.793282275467305,6.829408661701889,-4.9621686785827865
-0.27457765229763886,5.772713438368998,7.648927071867177,-13.198949875930118,-5.892879316911607
-6.512936997070352,-10.520221072188031,13.735340286076722,7.460999451032913,6.378960158843533
-3.151258355751291,6.68596227192559,4.932423347762322,13.713154326192345,-4.854749647298645
-13.53773165991855,9.3886688782961,6.823187229904166,4.23103330700978,-6.804119860891461
-3.2978174143232675,2.2389963506086605,9.802880856317984,-7.077486941039348,-16.443159776472363
-8.10133584642841,8.88959691547466,3.7694442537168307,-20.252686687809472,-2.8718965770769773
-17.937648447452602,13.11770542764135,2.4853267229811733,-6.468796471253365,-2.4283464714999194
-4.104482728384466,11.73170189301721,9.814483471631096,-9.067363074428654,-5.075735067784128
-23.50388819283143,-16.18294507498698,5.201279399786296,7.201426426952017,2.7958397938863495
-3.562831846833806,7.186082097022036,4.942979912658381,-8.585772762591837,-11.964417849294012
-3.394595313734585,-2.9260586236094905,10.246038996095248,4.270579767993428,0.32617902306752633
2.8756006482130267,-12.703745034488417,7.326023240666851,3.003822319485953,0.1723828142342292
-5.37638673076394,10.781700657941656,5.247403893236679,-2.908706672476126,-11.341906387935788
-11.923429599110088,-10.224908039465912,10.899334919302126,6.283194658904268,10.418733664992232
-2.67763025759633,4.2625452126896475,0.2870157549193202,-2.9481921925217858,-2.025123531479723
-6.19600044491948,-14.760128618196124,4.826601422541848,10.535782676603857,3.7877307151700768
-4.499878050402156,13.249449283095217,9.895676237696069,-1.6972001471211087,-7.17128057398743
-5.928760583222117,14.560981105007873,14.468353540506099,-11.62358844447935,-10.3068603116148
-3.5916262094426967,3.102868913586155,10.583935664212895,-0.6343362783303954,-8.380689148964777
-10.063460068304508,-9.1797158698327,3.066670663934648,8.191386395310644,3.838113905968947
-1.1457135970164494,-7.181619522739307,9.990527171686512,-2.791134925675591,-0.7434844357236843
-6.77370740775563,-4.404665958863298,4.069359287348887,2.0315300110192043,4.443132989981514
-7.503198574226595,-14.701285800899724,7.256163807172913,3.974914722689181,5.437818492988724
-8.260996816605315,16.20157722377841,6.78161958500578,-5.638930237208859,-2.675936187743731
-4.336894107215464,12.259719791343853,-1.4744888471484323,4.654849845851059,-11.453081847457657
-6.724885104464163,-7.726997094394802,4.926838608294445,7.801725655827676,2.056757127459486
-11.851010055284883,-6.8719816392849005,14.388496693632852,3.6508370239301744,2.3135239113352237
-10.687147309699972,-7.8768628659265305,6.582408527539851,-2.370113947876175,-2.901227261184106
4.05813977947415,-18.310693100820835,4.505022040209198,1.6071322174003098,3.1577057381565883
-1.1608508360673964,7.864003950216408,8.178456542476205,5.585870085391118,-4.579982062040548
-7.103825497088937,-14.908036287422926,17.019485760996034,-4.982713955916244,10.019763114823661
-12.21525446226868,14.547609738891541,1.3299047354982774,-9.70245498168075,-5.186559353117925
3.55945956557646,8.314071868487131,9.082873237882474,5.645414851379005,-12.07363633116405
-2.472665759349589,15.668692768058749,9.58089188874866,3.134650474822757,-5.998722580889663
-12.860319589926526,4.744875953437951,6.066300924273525,2.5707913597677843,-10.784293055576828
-0.4208872281990441,5.643699688434459,-3.570830657254543,-6.249219551092261,-4.480949965004886
-11.460971411020367,7.788275210943628,7.192871364535477,-0.7463855049801653,-5.0405779757124325
-6.006020749232058,-8.015051979843165,5.37651520034771,9.976824759386764,-1.3536657214315806
-0.028061123356614814,-1.6910387464159724,14.645794476835203,-0.7856394420022217,14.110726922608695
-10.544574021912076,-9.186218801242141,11.773460726584203,9.977396763739762,3.1326085657725704
-0.660844930344374,-9.353443763622089,13.449184656338076,2.2120524163164057,4.839174516714059
-15.140438860346164,13.197810758477242,14.295373788442864,-4.442144125250202,-9.41318212809129
-7.990346865108928,6.865183001860812,2.4022053868613957,-7.177010928884569,-8.857326591826146
-10.442580557317134,-1.6162258158675522,7.0220779585406445,4.296276083076078,8.032108864017735
-12.609148130663224,2.4808844840980564,3.967991982888487,-7.073406596406483,-11.669968314415396
4.410880971610641,16.04031265758926,11.601507603687615,-2.4300344087081145,-6.495152448228413
-9.181426601192562,-14.515632225126662,14.622182290688404,-6.578212519874915,1.1693218792031068
-2.978395535193716,-16.96231770715096,1.2783509305527758,0.8306093732963213,4.775668748621898
-15.25971237981512,8.639528251137348,9.264050980826225,-6.393352126350666,-2.3596735221600325
-7.752830905414649,8.73020807660104,17.72657589703226,-2.9695385922547985,-11.738323794487076
0.005304401517929325,10.645659482431748,4.791437123699812,1.5013109337638262,-7.309093439740228
-3.854669812697502,16.459511997620716,9.02900467862867,-0.19508194991850392,-8.591170384273267
-2.430527930450104,-18.005033579168174,7.183103587533804,3.698493670213918,-0.5760091189479635
-14.880828719063013,4.795282573210492,4.1864008618401085,-7.677195457299804,-4.920339901366089
-9.26747448596058,7.5976672800489515,2.1927603154746818,-6.0624182062378935,-2.1005216393824737
-4.105997660721041,6.780868774744986,2.26152209638509,-2.1043256825017114,-9.674754657320555
-17.355449106417915,18.12755372391567,13.64526952235869,-7.662879145061301,-3.81236243000995
-9.415487670893475,-17.18058551619125,0.6819481581734497,2.409668828550325,11.729441429184801
-10.105097537983635,8.987603774015005,1.3460347073213184,-6.474616446450618,-1.9440161905077193
-13.718231004216534,5.596742305419987,16.3111503032562,-3.535599094122402,-14.874144188549927
-0.7913671650199454,-13.180532902896754,3.8974919262016745,1.264522959814277,0.6431788080883525
-17.627784146229295,8.176792344357215,8.820333195985237,-9.184902021108602,-10.580508398143175
-9.166690977872781,17.654379936676317,11.131796087188528,-14.11446665927107,-6.377251861028899
-4.054660169037359,13.033351385079614,7.709085543605224,8.762573624440673,-9.04614422566407
-7.835348043011096,-11.580526115770958,7.857458882869571,1.3484573392885806,4.312405491971684
-9.42477133274011,9.906624020476375,7.177121941138743,1.219909154621405,-11.58957246746154
-8.272024481352826,1.5104441621624511,5.464992826774794,-2.306474905206109,-7.077807901349366
-13.363526763704801,6.580713647984575,11.31210704054878,6.880906567591138,-5.2261244058316105
-6.790424806531616,5.330545296408706,6.141961534687435,-8.21708142764916,6.8041890443000375
-9.03089277123513,-8.590435154212477,6.516801857239734,-5.04104185599096,10.228033601849118
8.869608864783267,11.045419553447964,2.4801678281862403,11.273004716375382,-0.8775694490842785
-9.032036975261027,-6.936420515554454,6.369316322281949,2.3597686411005507,6.386883912687917
-3.6049065243669998,-5.660019772881208,4.579777248424609,-7.905004867224635,1.111336668429129
-13.72088597031423,12.321613452829496,4.7977248566766635,-3.7943351746997642,-9.667804466992258
-10.853068610212771,16.964878435018512,8.638992965817785,-8.458844649108691,-1.0291502139777862
-5.175346142167815,-13.935858768556947,11.99566183165524,0.8135520403969407,8.061803042876228
0.24936415484699737,-11.733554437476759,-3.95772675824243,-3.869901499436053,5.251577016583734
-9.203394407048181,10.018560671837353,0.27638840351332217,-3.8554662633733283,-0.7822687032673619
-0.7195689795939071,10.980601885116709,8.04710423801453,-0.9241466864096193,-1.4345772822274014
-6.679415315489505,7.347565817316105,8.071230963330796,-0.577573205550812,-4.135677749470538
-6.883299523433346,-2.3675814147616894,6.064328299089096,3.00863899510549,-1.1679949184595113
-9.370382122136071,9.057501474303104,7.7993586833577515,-16.7085881492578,-8.038998049854161
-1.6506260157965995,-16.078609616839458,3.109809965423996,5.221236893841862,0.5351066661155519
-20.581774175229775,15.996375354458479,5.399803317587206,-4.159234330639808,-5.248044530558516
1.5542495051672276,11.903838697155871,4.792273087556426,-5.4865110484161415,-4.407410120733178
-16.41401349836796,5.845546646608847,-6.218768402482263,-7.2887188148736115,-9.03470201567262
-8.243990766719946,8.441334626658477,7.806216347745981,-4.163129220663555,1.4210575760899395
-5.516185621000996,20.326755366310657,4.737716623177676,-9.155697504809508,-10.090118074393441
-7.908747547415813,-12.088411099988276,4.012868688160708,-0.9667416975626217,5.855524559974594
-6.501392860138019,15.720845726698995,0.22098989190675855,4.843004479949109,-15.647495780694705
-9.609322523131334,-13.189608874222138,8.419075915670753,2.4080241642798073,12.272417063668053
-11.104601860328316,-6.830524714697417,9.665100840194395,4.622295613853228,-0.7277344459355195
-4.4192832340408295,5.954518453487246,3.0141080209216913,-19.900461841754847,-9.133343398745223
-8.990525491091528,9.389514426861409,5.509412908255125,-0.7835690008262182,-10.90453156730084
-2.4741928780659137,-10.739535536287027,-2.26697508702026,1.2717791269366518,10.921593936824483
-2.550587995802997,12.48809128243102,-0.6642551429423795,-15.430874459859687,-11.230743401868828
-2.585163266902697,13.329787259051477,0.6576779309302041,2.5173978349863337,-12.47278433214531
-10.4044518623534,-17.487816915270244,6.168971647090926,-6.4887660955358815,1.8473731242233535
-1.200882759570355,14.751332779156353,3.118759430369032,7.966376543895988,-16.56643877353357
-1.7476200551696293,10.911696414025858,13.697402899195685,1.5599307587497873,-11.024711789443083
-12.35858658114787,17.393980465882958,12.653926621867889,-4.338486863897053,-4.664881358984203
-10.564225672828858,8.271529103163074,2.602578148051775,-1.0366737105411912,-3.0783717179744685
0.9976677011433637,14.169600698138588,5.182592216370294,4.286301360846244,3.7096525569781793
-6.030636164008695,7.819882388865334,5.075810857260253,5.513615293224115,-11.120120687847429
-2.492123867160698,13.103049607578571,-2.807086462018429,2.0963801760836533,-6.429846450517322
-3.696157429086095,18.374314530559843,4.542668131730361,-2.6897885988646735,-13.35433956355057
-10.164885475267997,-10.72610103868081,8.707137778440284,-4.465247965046977,0.3721705758915279
1.7520348220985902,-2.58940074169233,3.4904809789961675,5.113869751344079,-0.5289994582726925
-6.613572490282145,-0.22100105630049605,9.818950742828417,1.3482958773281264,0.628648661753545
-3.804340846747203,6.140740090131324,2.5323877345286836,3.672274504873951,-6.916527940874135
-6.673214330346707,-6.0947864167108525,4.417792688248621,2.1557055204168556,7.021915447945516
-8.087181645376978,-4.078525939087001,12.829301726735135,-0.02750228439969149,0.4260611594127006
-4.31156464407573,11.57136363284809,6.227238509883552,1.813577210723922,-7.1848443185012485
-6.372533334420105,8.56818025022997,4.78979700886389,-1.5491808333569175,-10.5212029408907
-11.870242420771328,7.5334944410892035,15.89060596234557,-6.27471034332311,-9.537160107191013
-3.6562106367045115,13.766799904611446,2.924999694714956,4.5006787369981875,-7.02425161202562
3.136149564622963,8.612207259653358,2.3126279242078343,6.405756746786003,-13.905426802973569
-14.34465707977546,6.378746464960957,4.684142806976413,-9.358467934049422,-7.127556241194784
-1.2327416465562155,-5.429874307116986,5.252917075770974,6.051751377603306,10.28071754878955
-0.24652316394607654,8.346386921672243,10.069210545567131,-8.531424623318857,7.809137044687597
-13.080411055628868,-13.30999087207811,3.9764719413359444,0.9976250457979488,4.195792830616094
-5.7372269556864595,0.17249628552121798,9.239023975864805,4.42382349993067,1.3145330551802727
-11.782039714325418,10.119914379723355,10.782060492957918,-8.614188137901694,-10.313564666263368
4.652512533034758,3.069229716298149,3.363619125716834,2.13679214164427,-8.214200751222876
-0.9689394485843712,-3.0348327386500946,6.745255072757549,3.285249871759632,7.424683591806301
2.9460328877705866,8.460618982794841,9.304274257871208,6.338962427036476,-16.201284832696743
-8.724089276665124,-11.23116396671658,12.112161183808752,7.207536678563823,7.864405896436144
1.9157547128805774,6.6916373849734825,1.528693011696706,0.19572647935893328,-2.119571721917797
-11.711671522101609,-8.087647174779088,-1.2008698551629156,-9.36265580280108,4.865593688559658
-6.039388661165511,10.502239582680343,1.5977408054491598,-8.259448477601872,0.7694642457643432
-7.633607122679353,7.063743958535887,3.517395705070342,-7.876828867128082,-3.86366719455874
-10.573263355155527,6.344287317810532,7.363107880968835,-5.703128168937454,0.3634055822806168
-0.0040309054660254695,3.8018617570626283,11.029512982418927,0.6680334177067548,-6.204703587052827
-20.754704210862773,11.838721131836415,2.3085332826322826,-8.315243859555066,-10.853438863579932
-11.887294975801336,-7.872290643065042,13.9217453878852,11.118416151362782,4.361133541994361
-3.5764926209572026,-19.32170624948499,11.642482038347012,-2.4393267160780576,6.171892846935609
-1.7893233550321872,-8.76710693656745,-0.5582356289984762,3.790039550857558,2.881798747572142
-8.208957525745863,-1.671215657510169,9.963864754229878,4.465759998410267,-4.935088087402709
-5.745400812992983,8.719877078684698,1.497454516747868,4.985555731138143,-10.424795749474796
-6.610089826235353,1.7617185911008395,-1.8618191838650766,-8.740334612150617,-0.9739919585913617
-3.640423718096131,14.337129518331821,5.2379071806634485,6.056662272508582,-3.786317392601609
1.9654739080404848,-10.64714310082008,8.724129860345949,-1.3051268385869013,8.527298709388237
-5.682226891459903,-4.318714002951731,-0.37480968086789623,-5.409084914887294,6.80624123788351
-4.84048450570452,-9.463206688427341,-6.839074938382339,2.106753816076594,-3.0459587521279783
-12.41321966924433,11.514258915524975,8.30627912611723,-5.044388491629079,-12.035482569390435
-5.100592262564977,15.049295902427293,3.277138048148808,-9.472648113062398,-9.624568105510516
-11.041302500799617,6.427618890799963,-0.314390972907832,0.6636780387987793,4.664147185469083
-6.191258484340982,11.911808135947592,1.9034796545404946,-4.167100411677389,4.991081525851712
-2.497116199552501,3.9771466443408237,17.23258692340669,-9.956254923782696,-2.61375080260176
-3.2758606396992,0.08844636886965063,7.210458643357498,-0.02232648291017547,-6.853432889461445
1.2574311788334565,3.3751500256917915,7.461265776361783,-0.5381088970298871,-5.821652339249304
-12.779694942569687,9.945235038340178,7.027649532000335,0.9539420904340359,-9.8272749443482
-1.9418273598862843,10.056419877836309,3.70101589604643,-6.924892341644795,-2.32627706581623
-14.00313710631783,16.73256349401332,9.345255070411817,-8.29188430258326,-15.660567285589288
-1.4900839854154146,11.80983214127096,9.002586793380498,7.744941375985351,-9.266535844027874
-5.252344804489255,4.699684051979127,12.436618774384996,-5.897231259806585,-13.006013300933606
-3.654111930503983,9.464500316464752,5.824685914788315,-0.30093189550153365,-10.892090857209507
-11.022686773963446,-12.152250150607841,-1.4137425079766235,1.382091703491119,8.903683305228586
-5.677753346624912,-20.937053993694825,20.903255777063116,0.673707577077495,10.131232855862299
-2.3104060216371822,13.43550622130211,6.1164134001057,-8.022180212254895,-9.233150695694777
-6.8569420662956215,5.646391900530832,0.417532746336283,-15.190877301475105,-9.345588248824578
-8.863420392385535,-6.425707512493053,5.470570300136443,12.541330695501225,2.7963527522908116
-8.642754031064248,5.759835268958765,6.696178786121844,-5.120601761344202,-10.036291140185345
-16.010030801414096,-15.409057028912093,16.15680036195588,-7.15805970264852,0.23899833971036077
0.04228432485886602,8.223778677847328,8.672845075796534,3.891239453024586,-18.728234238573506
-16.192936644400454,-1.2202180433842607,8.097121307057225,-5.523860562011652,-2.4683513177073406
-4.270062541050703,10.226888256260919,5.539105929868397,0.2989083220601654,2.995509577002636
-2.738091808229001,1.2338078507880237,7.825442623203934,-8.4537332544284,-5.742717701001473
-2.1543355448540202,11.210921828715492,4.097389393410536,-0.45899414632107094,-5.84163588472267
-9.036972521160667,12.482002509104788,3.4663260027607885,-5.4685856820805965,-9.74945184412446
-10.614452026863002,3.5324142480760194,-1.8754901926446443,-5.383553851281967,-9.267341189610292
-2.220210818478071,0.22839200327786635,4.036362127733014,-0.1388889609589583,3.3448475195014167
-8.076993850820521,-9.904976753182357,12.123306287667429,9.939686621112173,-1.427442645263942
-5.546745774359344,-13.373368548549307,8.222678313188235,4.459369869388391,3.0791904420636715
0.2049924716321856,-5.431630240707966,8.095206350820755,10.581986213949325,3.236247942616889
-8.30720093367406,11.81539650289008,13.338979829152692,-3.9095274900498236,-7.017185989424179
-3.8864145133102457,-13.439520405517897,-2.8035675011036947,6.0669238462592325,2.2905501759699907
-8.319574625482419,-8.309580359414246,-0.3125766968581676,-5.065819436059685,7.160748055099134
-0.562453056772134,2.688690558585111,10.099840158016457,15.864734891702934,-0.9114285697396838
-8.442575941588387,9.17446911945997,1.4952881596778393,-10.97128983711266,-2.0209513202604636
-9.96815550227988,-0.02988310267504879,5.909290184609737,8.469284552014297,9.001483930624076
-20.63852406053485,14.918550089650136,7.435144999934927,-5.722161008325546,-4.37125504156859
-17.30918888789239,-9.772675740888007,6.12895870557856,9.173078417663566,5.830090873730274
-6.850031254487989,12.22972973690782,3.8732841343698743,-8.069413471047152,-2.517272458058113
-9.442052715574574,8.046813238189063,6.118255238161776,2.7700372432061995,5.590330167980633
-15.128225324298489,2.388656704658697,13.249773802000522,-4.265193072448865,-11.785356698143602
-12.141803181632774,15.102513121293619,16.863981825253383,-4.301984958099315,-10.995835747063573
-6.840288180039295,-3.8197801375826224,18.260967062369737,-4.429522187850004,0.9168821495584147
-5.893473280299892,-12.90196754122817,14.816435775558045,8.261084405245253,10.111008542126747
-10.078932230496612,-13.850687414665483,1.8145569258992351,8.271203741882209,-3.414025158857343
-7.42094595587209,6.855385776861481,4.228917234604041,-5.134910310678171,-13.843573441605123
-3.542805685079386,-14.898777216327336,11.494686244199508,3.38578920251385,7.413360499527252
-1.5818184551960126,8.40577475066458,2.239369708292764,-4.818919275274135,-3.417909761994709
-11.641003626972694,-6.725052429127992,7.870875935735148,7.284944941612492,1.2970911082321654
1.5072050582870844,-11.3005581282886,7.4025606360579,1.5885214821194538,12.002650350519165
1.2725602233841564,1.9491644014894343,10.873352518876036,-8.876218751263561,-15.646974272404584
-4.062818946138719,5.8816652147556026,-6.320771444981792,6.230180145834876,-11.819306420133977
-5.62658459797755,1.4735196804609076,10.138113715152203,1.0845090775874564,-8.931543734582773
-10.936395188961908,-6.995323611034996,8.902149250176164,1.5356161415507619,1.6425036354012255
-4.254157641587305,-14.527363554904184,9.94049800000878,0.39436344909856613,2.598870752542557
-0.6485406675869454,11.4086469478575,4.518993950737453,-0.881853914257134,-8.19623670422109
-2.542464896208937,2.418560902188597,8.662074386782427,1.187100217118477,-1.4773278461245214
3.9221454439702557,14.32533538276688,2.371157293545892,5.1378778529080575,-14.512386499640002
-12.012263495868417,4.421179028116148,15.785160340793505,-14.030062193463486,-7.791019140713562
-7.571125799727497,5.539640942337185,4.146922365406265,-3.560708938605788,-5.9696120165263205
-11.85384806095939,6.931243294690436,10.992168027787011,-14.16994125929864,-7.939515286675382
-4.989042854685104,8.173711650071853,2.7728824943452546,-3.8946813511198943,-2.9000946669139
-3.8378992459049863,-5.2667330772677445,6.463783240942323,1.1739594409580651,0.12963807023940177
-12.735070612517376,5.652118957795274,9.261662420385072,-14.927257934607255,-14.143350787447524
-13.730297388052197,4.3928859763177215,5.230429347617672,1.0872746223845864,-12.20720579832362
-1.505938603274315,10.827140203330748,11.481988608591477,7.913898357475651,-4.195909076088963
-16.515451454656404,13.364624069065512,11.631475985491338,-9.401540905540111,-11.476427407218445
-15.177058383714828,7.604678177995291,2.446895134981231,-2.3710087039606202,-5.959542507248091
-13.890730480998126,5.343318873611271,14.561627662571098,-7.040975642160997,-3.052249727379295
0.7726067260899923,13.183322823995145,2.5011004009943414,0.6454354938486135,-4.462499750578253
-8.51922722498943,-10.530797578097497,14.804034082626503,-0.35764277706766245,-0.040903122508745504
-2.5541165532695684,-8.005019321349396,10.153952829219774,5.517368334929203,7.338681697492698
-13.26397435393138,-3.2735951055999966,12.71177946314442,-4.536113517469744,8.49961197545159
-5.63421623470646,-13.305793926074053,3.2505489496465083,-0.7089949557660273,10.267629856255711
-8.36816440385942,-9.288951461591067,12.44045082363571,1.0993769186375981,0.6704738904628633
6.797380363129222,18.44735935864537,12.794524742542803,6.755371425678842,-10.003574925821532
-13.882373753687396,9.249488772462966,3.9182978023155877,-2.768906881063163,-7.525023124538835
-14.770520629631417,4.507817034874982,4.0967355157838234,1.6957448924523635,-5.5826806461528005
-12.639451516209817,-12.413437096787224,2.1806402879680764,-9.21841419909664,10.46804206517114
-8.47713193093133,9.786996643195288,6.6785436630841835,-1.4597752291063468,-8.335864122998094
-2.2935337864820697,-17.44055580781957,16.461927830247184,6.612138588195987,0.3321511054893955
-10.01105975438378,-8.761432849775481,12.099004812706085,-3.1420459080710934,-0.1307981459525207
-6.232607338235451,-10.346497174312313,-0.2791836713507907,0.8527250816419099,-2.9207165850600614
2.6669836681915218,-4.788881148330427,6.239840343477502,6.318869190479038,6.495032725946819
-8.859253496934258,-9.736447757812195,3.607851591658784,-1.962713783046734,12.51886601183137
3.281735641607388,10.299870478479718,6.21244331554396,8.832480351689615,-6.001860721377106
1.0145304880685568,12.295291957734733,-5.905322190998822,-5.943918213642721,-6.114486701343825
-4.131652412197217,7.984952542720796,-2.5603284021908888,7.926805964508933,-0.3826431198288329
-6.168583051203836,9.991337553181486,-0.6732850508524066,6.917583370485823,-3.763078157878251
-6.506228253666103,-2.8758449614786556,6.722954699441854,1.1101952491020906,1.738307735901087
0.992017143759345,8.352788908486009,4.2718232572685695,0.5620637390046772,-5.402239569035354
-8.061195209532855,11.849563715138837,-2.025907717040173,14.047124677233889,-6.479660288355553
-9.18049086394344,-9.17026584458587,5.660336323743908,4.480010839250722,1.4712653402337974
-6.362388900078981,-19.649423861224975,7.230732886668365,7.403031798064241,2.1658922949071595
-15.575437748798116,-3.2737994197313522,3.28634590815063,1.277274238044849,8.819307899326231
-6.565348390571426,6.0191271880732895,-1.2090375773874529,-9.722150406529325,-5.616719648529061
-12.712692202911702,4.496159994249696,1.2021028330809393,0.3075756563171783,-8.829224934628732
-8.663970694820778,16.3518594811976,7.268439947721659,-9.711764539272451,-7.384977322367172
-4.037708466902956,-8.311781152240576,-0.6187997865890873,5.986974502329711,9.013418505155165
-13.163626217271084,6.348693228880274,14.525800186289263,-5.609263717742069,-5.772440698848303
-6.731268175490049,13.322104963310831,9.756462059087886,-7.416503689250339,-0.8950124524007803
-8.163049244186816,-20.852097431134446,9.444694214058197,2.73899607289533,11.556846422949711
-4.028519800207386,10.225954558613884,14.876873441879292,2.5474770250102097,0.8766870825135848
-5.295212504408914,-4.395013988881209,4.68974575222375,5.319203165798934,2.2290679696610383
4.717725824861918,-0.10606324126636224,16.28297387833593,5.59892668084944,-3.4797618135674906
-17.701658932515144,-10.481324947093793,13.091340058798004,-0.5707396602872974,-1.2288591938976623
-7.912514519160182,-6.035920762611333,-0.03050249286763318,2.728146728321882,9.753739780160293
-2.3150277199378415,5.731853624219003,5.101349005989463,-10.175733151734576,-8.966471544260251
-6.377509120735137,-5.899669494236298,13.283317196084287,-0.9390324192614008,6.193838942113
-2.1717049436777063,10.002116079060231,6.886021010826829,-3.4101328569475964,-3.5375873864394447
-9.483009122262153,8.256505366742676,9.747898353659942,-12.798752425214364,-8.40668021854134
-1.2119922339807,-14.149813532467881,1.3321059867629117,6.340283531097128,7.059667702534144
-8.711267289867255,-6.6189266055488325,7.37923073074249,5.570506687393211,10.489599233849066
11.162913172255958,9.483113278958056,-2.392147499679643,1.8005214034666897,-11.694705321481901
-2.8882163481936773,13.879103796977258,8.617856155707809,9.4503409483581,-5.188720931184672
0.09727882992603121,9.043338920910571,5.965159060429661,1.7480355697963985,-1.1359597765040759
3.389384100450754,4.52324643091993,8.813855932380243,3.455976605585586,-12.06877657372868
-8.89931054023463,0.7955825502580325,0.214061341228863,9.735978761388942,-14.643262530231459
-5.241734595596522,6.4357007785333105,6.12979001811536,5.777693399725271,-7.8772705577983135
-14.792932907370147,4.961756893302228,0.11716941729274488,1.0386440711386875,-7.1185815780189605
-8.765330438947238,-10.58640270681376,1.3242243046007118,0.5610241576449744,4.926961520592536
-0.6377973451662209,8.580062242547363,8.676344460283522,-4.255660611557763,-1.341024939742768
0.24598888815993725,18.247418632350687,5.751292423519521,2.7755507189349604,-11.565767435320383
-7.9252150915327455,-6.170902372513371,5.739697385820468,1.9094105293920847,3.2333642163313048
-0.9325343799507362,-2.9827246014663746,10.114981289277686,1.2204452319519343,4.168349810960835
-11.323360042266227,3.8810824545196674,5.875265725259617,2.409824973517778,-3.367594345395944
-4.133531370484803,-5.379278647467367,15.310386865261277,1.6915838104958407,0.8959932491692273
-3.829993744353694,-11.1840345820315,0.18278043827321522,5.828828051911438,-1.5680513939907321
0.07139175971149392,15.831326093757529,3.598929708415719,-7.734799619276558,-12.018002118329303
-6.929585698455657,10.332007317481088,9.012168096392003,1.1425951545530122,-6.780401378050316
-0.9203624608671572,0.9531495923257047,9.366787286665938,8.305203960805105,-4.993145863849224
-2.5057020352668764,9.805566032965158,1.2520477725595658,2.71960250130312,-10.79234571732367
6.314237048260844,2.8067799734527092,0.5583517909538731,8.55200222535153,-15.645162425842347
-9.667899339095163,13.978248642195336,3.0375083977390016,-7.313152829674498,-11.645140652386695
-9.193795958361132,7.091335969505938,9.251292039879596,-9.842857834872511,-9.032775302818159
-7.992508663623998,10.053300853633377,4.979958461813999,-10.814584570619553,-10.3102357161128
-7.68677590207623,4.758590545981652,3.6954800065841757,-8.619916982514203,-7.745949433791752
5.896263951599688,5.25975837929775,10.47262179111313,-0.8918193410139978,-5.974044640095967
-17.31019688082588,10.059560995726994,3.686304989943784,-4.578328412353242,-12.445129819833483
-12.41895305712179,12.501934819637006,11.849795639972196,-12.773224268339966,6.861683296217804
-16.53269516224902,10.898481170796334,4.873244538555942,-3.679095376255105,-8.071383816949774
8.403337497832688,7.166678044087171,5.662625816681829,-3.184711550410057,-9.52611837888237
-8.921690728660362,4.181700998523357,6.725831158140922,-1.470164090873984,-7.192911972163492
-8.775938588662179,10.757507849869425,-2.4142436542112744,-3.899182949892852,-9.518511512380966
-11.163563141880587,16.235980088107375,9.070196637458867,1.2877805787314673,-5.878955095284157
-5.061377885187586,14.823955195478803,0.7980540996577408,-5.257470478860079,-6.404658434369747
-6.319584859153361,-0.11513189034260307,5.9184246791407755,4.147130816101901,0.2631701536173603
-8.952846369869963,9.833048131116676,14.266479377153631,-12.585455920904792,-14.975217440206919
-3.6141440403743994,-18.166053262026622,12.466794812778152,4.170115235881573,6.328394634590382
2.6827461556203085,11.541406594281817,11.187243317981666,-0.8675419652309406,-16.033469433125603
-18.035596805659925,10.364798667012217,4.813500786100073,-9.277328641424392,6.061349112075283
-5.469172556123812,-7.656238444836347,2.00843295761372,-3.806057716579148,4.251659799091405
-0.6959195117969055,15.507978647917303,3.123336526548359,3.87180061864135,-8.514031089549528
-7.584850928655417,12.191329707012455,-6.462242956696278,-11.927446354779931,-1.575727060748565
-7.69889377616778,2.515125551626471,-0.6038960502350861,-3.8484536079674125,-8.588238808168835
-7.143673915888806,7.116681880626788,14.293497790077137,-3.926363175357907,-10.94927811271323
-10.779074789303241,12.318854467333944,9.718184546712337,-9.476020488399623,-8.435363964383907
-0.11874763991547077,7.761945933238769,4.541761407175729,6.1154422624162645,-11.513192703612177
-4.521031005378447,10.28312860051519,9.383658293324887,-5.408989130015213,4.154864859450613
-0.6950344813927085,12.68293260486128,10.789183197870333,-7.063943505774006,5.844021054989352
-4.188489481291314,-7.917088186915498,4.928267628689934,-6.845221434883889,0.709518425227528
-13.373944348164201,8.209641832510492,-4.657602317742247,-10.264169988795306,-8.268482685524942
1.8840199255774648,12.82527813215938,4.490426466716603,1.1016011587669923,-8.837451222800293
-5.568713459680349,5.544511744735574,4.447368880470643,-6.861660686429813,-12.110358706937351
-11.579020167026302,6.338586436181036,15.696427408601469,-13.124404180911526,-15.600542578497564
3.121387507024153,6.7430647524320095,4.54020185999905,-3.810551441319011,-14.543606452462997
1.2573237223354958,2.263044068484196,12.11554756381516,3.0413218060832827,-5.546724457676588
0.6556111344963824,6.766405937071916,9.727384981649008,15.28908143453985,-8.357333391884016
-14.511464576887008,-8.675449869593201,8.393042256506112,1.0752318799564269,-3.539786604234475
-2.6636358009106504,19.031322464108847,9.454706481798752,3.5112734611959913,-9.12423132920025
-7.672342968224224,9.862932550150191,5.086848431956349,4.413390080834478,1.0210432842247386
-6.974798991198866,7.340199891224653,12.441779541892497,2.6159246842961377,-4.131745465837934
-9.678821961253357,-9.808074758849278,4.007001306626117,0.5484038133654581,10.892342874054034
-15.086546584330263,8.858223792420546,3.6340283152476367,-4.163675865956101,-3.1163483248426744
-15.42598119064743,12.000962331902022,9.799596698147742,-15.13681143984816,-4.3108405838117285
-1.0940365960766685,2.266968271070704,7.567396140520997,5.540167634967961,-6.644541125532545
-11.733723824533218,3.9283252754713684,7.223225379468715,-2.0223831701855937,-7.702305481399751
-5.18251133230307,0.07180360329583912,6.426401545911271,-0.09948934300872558,-6.478633628447197
-16.234235780808362,9.092254854344779,6.1543956540238085,-0.8748260592437109,-11.224262646871294
-20.074152094575446,-4.9434291964160035,-4.725917920035336,1.6354382782003112,4.2365476888923554
0.09412447961829518,13.249681178123494,10.752383410662503,8.045716110467472,-7.327240242390798
-3.738199413087832,-10.035864600460734,1.9853486624938137,0.6244587135314601,-0.8269213077823352
-3.564937914115429,6.277703481611335,-1.4581179646024083,-3.5844716820027474,-3.289293669343122
-5.272426489787778,13.83353772177513,9.507666073828721,8.902686290396227,-1.8366124419070902
-16.730111870370315,-5.2947343890463525,3.522575670688271,3.4579670054791047,11.837195155958652
-4.063600502929092,-2.3884740797575077,4.074110162872717,-9.582267686728034,-6.536109655014543
-1.6079513184096452,-11.469139524373457,-2.497939695679362,-0.43550555812624747,5.886176563652334
-8.833755295958603,9.621235665411334,12.934251658413787,7.218333137436079,-0.6758055901048134
-7.8268578932525195,5.039343603032,3.9413078137772297,-6.111452215492719,-0.9548921838825182
-3.7050909532035936,13.129811006923356,9.10193293530416,2.4512719133876946,-11.303706900741194
-10.935752316862452,10.586203598472558,4.629459849127183,4.045878755839674,-10.741147317783646
-6.368101370519043,13.4076538691528,3.441906295259053,8.020079537373903,-4.189827172691292
2.0394932517463342,8.001998499040566,4.9443618718139035,5.208983167875951,-6.249153052031125
-0.9388831206667287,2.013122729167745,0.8295642272093122,3.404893636857456,-10.029826123289757
-9.893819682840782,6.637907034352878,15.071751546092932,3.466275673575276,-12.53990312968936
-4.011000063495893,4.990351544896697,-0.39070062918937865,-3.2813901052002024,-16.54801869668907
-7.519431241196421,10.413072877131867,-9.064895386070406,-0.3199267007742628,-8.413209187760357
6.455415333601615,10.134062518646996,0.6130197009763823,4.955381381744087,-5.524754496920306
-8.546176781284622,3.661395729812485,8.052995018513833,1.1445544182076566,-11.007551406238575
-9.077935532847032,3.8306008810999232,15.4996908942448,-18.957706183153007,-7.980689993581008
-9.75848045045728,3.4827452220566117,2.3689310446705227,-2.1285494387127466,-10.965554524196246
-1.3544290083270858,4.969601671246515,9.926996380539983,2.229973981338909,-2.5173914028490048
2.4542450715112105,11.743372001008398,0.440474353674424,-0.8532541980546773,-8.933170486663354
-9.036361918545467,11.93530168240633,2.0692291796963005,-0.0817438169934146,-13.332655874922601
-3.3252315159861645,3.6473367416679476,8.38203379883763,1.5369085913871467,-13.844496426237995
-7.975889691841255,-2.6997233709401183,2.006512882643949,-2.3447479355748664,-2.1458226123546362
-12.965711605040472,-13.777481161238338,11.989685157076874,-1.1292621614007308,-0.8788258296388314
-5.949996073554113,21.37568343956162,2.1605479461916777,7.090777296269033,-12.347771921468246
-2.0480721569881846,8.151376535110158,19.157077991683998,-16.043051553418252,-4.582417106785677
-8.863556657432948,20.959465915160635,13.856947627830767,8.790347138699254,-2.735797303126896
-12.30106654838757,-6.4904686648938466,10.894040414099166,1.2531700988723422,-0.20319682777692094
-7.957163114526014,17.16991538960768,0.7817372241437095,3.4563112823216096,-1.8539143247611802
-22.72363689812478,6.791191584146123,12.36235239718435,-14.415937908206246,-12.264918674972346
-0.7696670414283227,4.972187005581387,3.06355461502037,-0.16061590047103813,-9.588802129494479
-6.7558220745196005,-10.340602100724768,10.365561684494834,15.852198307060512,4.657143253011531
-16.649781713733226,9.849110230724383,4.039319065483289,-3.2188305044816707,-6.997904226368958
1.6569217650509582,2.3815910476495263,2.830423980063083,1.6252205693756807,-4.453047208349004
-6.830706544127131,1.5398599541931794,5.462160494070708,6.146045267725665,8.241485799793026
-15.814838249975187,-3.051596198018176,13.756509762486825,1.1946594780975388,0.7645287068891577
-7.610543700934345,-11.80296042187612,3.6385920134149248,-1.470143743754293,4.724205130962052
-7.23111078160975,14.683278457980563,7.6428257577027034,2.4046409018393016,-3.2537716010969375
-1.1570781830254981,-7.7897612606491755,11.963748270527164,4.736441991217559,11.50936424272534
-8.178296988999673,10.196785686650387,4.817644328617538,-7.004156952470291,-11.7133014388209
-5.821024198403557,-12.939534403879518,7.203383625095683,-6.179032961262404,-4.001340459039557
-10.965259908174321,8.478850544156783,7.590019179514106,-3.807368735317236,-6.359957517455378
-0.4936009876248644,14.627674552188427,-2.566099966251892,1.3586131511834563,-7.256145464926886
-15.566428968360013,8.294983292661026,2.9376127481774237,-8.270738595870972,-6.836619619104432
-5.7872426324333635,14.083531418750042,3.70340170335143,-8.08169398702866,-15.303828131048153
2.0436229888026523,14.290941110930394,7.90805014290472,-2.396700913484751,-6.896106792788039
-0.2521890925223751,15.614368695637204,10.18478374125891,-0.857290608485811,-3.174903169948407
-4.791107453668506,15.825123438311241,3.5209496275682364,-7.745398583178372,-0.1469395316321398
-15.57066779100288,-3.6120726822706226,9.072370518528995,0.5420697332579947,2.9606874943834525
-6.049591954023457,1.2347928757488438,3.277898983729057,-8.502617929459195,-5.60875772992026
-7.68106176267074,5.460485610452428,5.008729375662532,8.959301796734547,-6.594561509296014
-7.083992961966233,9.42067034203346,12.55720396314857,0.43926771958387967,-0.30957981793177325
2.891147378558073,0.5093183685045535,2.607414452746792,-4.176177207263341,-7.7683287985883
0.3681457144194007,7.750857688193502,6.600301484732448,1.0286862450183554,-4.114260808948872
-4.026877550938739,2.548559509967532,1.635009021211296,2.82163864570083,-10.380206557176312
9.039416153978184,5.6948015604649935,10.475393408146282,10.078712472879308,-14.729428879437986
-0.49009482965622286,3.5573339417309695,0.5548716399236309,9.522026246238848,-4.8694547909166594
-13.370744018549098,-0.9477937170784401,1.4734346625041415,6.265110407242915,7.354040858893336
-1.8131205798282348,15.04505310655128,6.559736598962413,0.5534606295280577,-4.8736661095168206
-5.4029731604515225,-5.521089110878454,3.702290255207001,4.95396511275486,2.180821065974765
-7.469479916183925,-7.058314610510879,8.41350996882939,4.729338079227117,11.370035360671169
0.6677870380217357,15.463068770075193,3.3328792114524877,2.575669477887237,-12.02299885679669
-5.934647124080687,-14.365094344399969,11.234435955277505,6.239163345649469,6.958696935896095
7.707404825358776,17.112346905384875,9.304939538169851,-1.835504894698365,-9.702412207499146
-9.336450630718968,12.575848042404376,12.04152054632317,-7.391903537774474,-22.738553825425264
-5.125397068797412,-0.7064257282928459,4.810424846339904,0.5293165468160432,5.531588319281337
-3.837072381492244,-11.154672534940172,6.226303857274388,9.297406348679996,4.176872190046043
-6.606324768495683,6.95823046220376,10.75368723785044,-13.941242373717834,-5.765499342522466
-12.40216598083387,-4.2184754637139905,4.812147042959272,-0.44147582110621864,-0.019083423477092687
-9.352148200762036,11.691745178074346,9.94211290678044,9.680024668531644,-11.019092585729837
-1.4504761116619598,-3.562233499980797,7.325750386436429,-4.463542874560206,9.237592014246271
-0.9882330252856422,18.053666922194274,6.3938047150021475,0.4548620645707515,-16.656009322701777
3.036821580982611,-6.092173774127771,20.494633133748497,-2.003245964567286,8.950862696805792
-12.11339436592063,9.795720705078375,6.975605796497252,-5.354435151938397,-10.659666366340094
-10.031541813601656,-19.764811993310538,13.042706547600657,4.038802186090583,6.29953796384482
-10.340870653660398,-2.2982681783271204,1.4294397143747188,8.755648853638505,1.7897243464035446
-9.849625453377458,-9.369435225846066,7.740928543097958,-0.5775752071734335,2.3676218754451748
-8.737299866617125,14.174816053861164,8.27014679618442,5.6379975664769,-16.193145626592877
-0.673686289112414,6.385259191633537,3.9846868012331216,-8.203031519186787,-3.21900915448591
-9.780827850789827,-1.9920537695266303,1.6306860502506053,0.12527773993496583,5.821777801742941
2.733457069485252,10.732379075874409,2.7571155811167722,-1.5528839977081739,-10.397727505783502
-5.984449689892866,4.603315825567647,11.01344455267487,1.496049812432271,-13.494112499663867
-8.086264924762704,-6.093933537541229,18.419529275307596,3.28148398798227,-0.4229719026719003
-8.689166289438784,-17.8572348655269,5.548586494932263,1.555129880279178,5.3063636812262995
-0.8061243088040211,-11.826170935470842,-1.7366715901493972,5.224968193019345,-1.8450651929182609
2.8028099263228503,-2.157846083372691,5.8158779805016065,-3.8046705565878547,-5.283510480173537
-4.249263054536945,10.00707794267978,-2.531945999566127,4.87827973327066,-14.499703399786421
-6.545530972089104,-15.015046842366035,13.146848958006562,5.376004964615193,2.700152746412061
4.510596070243717,8.92153210564012,-3.7276442737230138,-3.3894894882375564,-11.842558088167223
-1.0744913169312604,9.840258028801205,7.4845622085763095,-2.400863884782776,-8.881491556989035
-7.954661369026338,-7.454360510009568,15.645108406121878,5.645919524335469,-0.16137708047059895
-10.514294111561512,19.793001944232273,-1.0173862670340483,6.154788298918489,-6.7232928049078975
-9.145638933179509,-4.364710183400322,11.831639795795523,10.464511013594832,12.277767483351914
-7.7112170168267,-1.169053051475136,8.01274543990262,-1.4913398446990183,-1.8620148582196547
-10.650816937539776,15.292939039423224,9.632646047517682,-15.871487676495313,-5.361243134156402
-7.739424525592405,-14.379150412590018,6.297087458058199,13.693118135499375,5.620760365920984
-9.953973919060537,-12.379770069644326,9.037598727511822,-2.139169180726687,-6.884306539522596
-2.6889251954202447,-2.6158373765307212,7.9836275285864895,3.8295104196008025,5.853184890528864
-1.7430019165820774,-12.156929641534571,6.525550106373723,6.747158561807834,3.030147200052151
-3.6552778808207105,13.083605668816348,-0.06219003661141009,3.1464297097161635,-5.6158496534618365
-9.162914954184002,8.383609728187661,7.750611962376163,2.096114394865358,-6.020315413719411
3.0840535330742025,-12.734805754243169,8.186156830114152,4.576615180605764,16.38436531883344
-10.203568069033448,12.339424272998034,6.187325847004566,2.0283191559668943,-3.913102514600509
1.2476823123269787,12.750112249496228,1.1357204418976732,5.987677774669162,-9.68186794859889
-7.510556406712797,8.018083800462039,7.992445452531777,-10.985904518862485,-10.508082825889016
-7.017201353230612,1.2052518212209637,14.648564348878779,1.4462100567541005,2.0245188736819433
-10.817703892836121,3.531849263220235,6.124893231534798,-7.203404984466339,-8.171663273943782
-5.017936358364882,-12.788659382312401,13.296893637138812,-3.584602955509748,2.1511178333375556
6.547677520272157,12.132030412706508,6.283139638094147,6.474312978516911,-9.991518166105285
-14.686871272162445,-1.9391342579357245,4.997438582408302,0.5783237213667447,-1.1849827211732178
-3.034790146784819,-0.9605217295899244,-1.8610853717390974,9.68850794323615,-0.26330815539508734
-2.597024070147559,-6.263114390255071,10.901814139288158,4.129199290354588,1.1922507446877146
-2.382784737534717,0.9651286041692231,12.960314131372494,-0.21727216357074708,-2.217708876928782
-18.061754734846673,-6.784516808756589,6.389505959193691,3.7026560744925208,13.9473242241191
-10.670288020195343,10.419107732789318,-0.652048178007159,-0.5914021909163454,-6.026656173246954
-9.94358282266399,-3.5788524703079894,2.2488488839504948,-1.7836316892082023,2.2538308599630468
-11.055337693294176,2.1510983973527953,8.278057076748059,0.288521301433339,-0.6561790659967341
-3.1084522198807445,9.582933429263225,1.6672985726068545,4.914812276243943,-8.472019744402967
1.7606759322865297,7.659083816755609,1.5744054216862118,11.534757883140585,-1.5534917784166806
-1.9238163023155037,-3.6464394828102655,1.8819254803534342,-4.37455224440005,3.618486702358688
-7.5847491646640455,-7.255626123592851,8.271827300815808,-6.005025213731056,1.966421801564766
-13.637338417735803,-5.487228270249317,10.70835485219639,-9.345181060712346,-0.5199916061129528
2.969387870266763,9.195443965328712,7.869907328742196,-13.358867544907373,-5.612057497974117
-2.433481231753429,11.224656212531979,9.879977556202862,-1.1696790534378003,-9.102120912247184
-2.3707429649716865,9.6511135208841,2.832764639093215,0.7807028470204407,-9.170176705308151
-11.814039821973672,-1.4282152885570571,6.0572483653726525,-4.049996168899132,-0.6605697171375526
-11.570287714966224,8.553371009927332,-1.9570263104401846,-10.333925369341195,-1.1301265194533006
2.2299313911333307,12.424458378417953,-9.22793547833914,5.977852882088043,-9.038606134352301
-12.299721802897272,0.41450697834961936,14.100750166973341,-9.920085580411651,-8.171443558735952
-0.8503295037532359,-3.1290615325811526,3.3620309544781724,0.026805965759548078,-0.423186170728739
-7.5563812202444085,-3.8204949557195835,18.989744936925206,2.9837136068593813,13.946769758629115
-9.095818373960546,10.168437431748746,6.437010763300071,-5.420254927676137,-19.929713826675044
-11.320849071912829,-10.372733500072874,14.930515404658314,-0.43238701449265093,6.7210720110672835
-12.857709682344453,13.717930229589232,6.590235299962469,-8.057379485418291,-8.230649130938891
-8.16418372096577,6.620973078914878,6.758181526919549,-1.81660525820186,-5.715802459827753
-7.194216373018575,12.796075469043092,7.395950183554421,-7.195178787935972,-6.963207023990351
-1.6350325630953935,2.9300116664021267,9.88661579783243,8.598697991511736,-3.207121866751042
-10.031202359263983,-8.488681420932812,13.374740418033085,0.6772175027900627,1.2073660622418845
-2.5827889162274333,12.996313276679954,3.2329533034726694,-6.350296297034307,-6.910622889520632
-14.388953807325365,10.122736889894407,8.05366942183393,3.536426013856768,-1.5094763931719726
-13.133589908217077,-8.72860871555935,-3.001264022424973,-1.4076899737329311,-0.4774689893828965
-4.928637402502403,14.881458387070367,12.068457648686476,2.2672384809517228,-4.2529576884084594
-2.709640186335517,14.855374737282645,0.32535214247560873,-9.540315263782851,-9.104355991774629
-6.941779055131086,7.066677156015323,-0.9159310169929018,-4.19892683246042,-14.256876665372934
-4.349054456758168,3.709507064182925,6.770889513674247,-4.67908525585147,-9.172413130008064
1.3272865704792696,3.265323240726529,0.7631983064433809,5.838873963386977,-10.88876640789974
-6.340823289787753,7.578600075791703,5.265673470201203,-3.4987609103719026,-8.732825006655633
-1.4577116779105932,-11.72597822417378,9.724253596610552,15.676636400982012,6.048205069737057
-5.233808797847294,13.873399579062,4.485087583045234,0.29459431950787796,-0.14940615382768385
-7.061677613693625,14.912835706953185,16.325454499000458,1.248781187541935,-3.59237713612779
3.9848590011825102,4.109698913396833,-1.9997115222082646,5.374496580418134,-1.0905529810312222
-7.712455234452091,-7.778934363376896,2.8457424477670292,7.002343531807524,5.6047212099583295
-8.06982733001132,-7.493207415948344,8.541708150636309,8.956090565519943,-0.8205068899144274
-4.122124576172902,18.920364584113592,3.6218881963707403,-0.061140183155930394,-6.223436079063541
-10.93312459715506,4.345674864497208,9.87447947447816,4.822921210647644,-3.272295822225899
-6.880705336071414,-3.421625567079432,11.048675730062701,9.219528810629857,1.8637068501121274
4.256151434054095,6.43083366455792,15.391732386301104,-7.7068773584754195,-7.53106294378248
-14.239838603356176,9.11349474961592,4.967161047835872,-9.130083980450916,-0.586998598249524
2.055803478318748,10.534916981547369,5.969371235297343,6.160983200732594,-10.947853971449643
-13.608026593800776,-0.34786322496734456,2.998165779643064,9.861280890846537,-0.13604864307997566
-2.366094825213619,13.857401909720426,-0.22146390239225688,2.3705819430284247,0.7393098598177721
-0.5071502168083724,-4.788016236372554,12.699402593840995,-4.821222482934166,11.901450325541003
8.267000069112616,12.375572550267183,1.5256063207216841,-0.11754548610562754,-13.321864089937893
0.8622047206811261,8.440066030783205,5.415061954205695,14.822803882392401,-12.415149464151376
5.893322036234633,-12.049301019307366,3.057006381367037,2.4487214023309343,10.063905945785713
-8.063952608096244,-10.1532217755394,-1.8550334547063994,3.6726252389272833,7.261083217899933
-11.774180823681643,-9.27855010251623,9.014785353144594,1.1153732193177466,1.6896798666373245
-5.182537174181746,-12.067184509818853,2.7700038001750418,2.4816239631066437,-5.264548704184676
4.723322056680138,6.441078382107586,-0.9112380963198978,3.3630850076542744,0.39442603380744323
-6.85264684205898,-11.216854075291995,6.812880715323707,4.068592172850389,-1.3292758342333242
-6.978855060949083,-11.271227210005048,3.34266939202998,3.7172686614104076,0.37149044332754055
-3.3361927137703096,15.544135714834265,4.1840332384471655,-9.227079808656784,-9.371439152113503
-3.8243913200282336,2.616091863757802,7.858734825892272,1.4946499748526387,3.2396683023354296
-5.525815449161311,1.080227550222876,3.968538319440549,1.1770502934571812,-11.725625242720099
-1.4703992945717008,-3.860665411220606,11.403887132467943,1.6512453421172215,9.598772426078394
-5.596430685348241,-0.5462296772259805,6.6240721654721275,9.54575749688864,-3.014211245263636
-2.298527214343104,11.587231081651018,10.663054199107227,6.229941006943282,-9.981445803829029
-8.69830234348833,11.636099864462874,0.9653267638391041,0.2026314767007975,-4.611938022425391
